
============================== Base_model: r2plus1d_multiclass ==============================
arguments: {'base_model_name': 'r2plus1d_multiclass', 'pretrained': True, 'lr': 0.01, 'start_epoch': 1, 'num_epochs': 25, 'layers_list': ['layer3', 'layer4', 'fc'], 'continue_epoch': False, 'num_classes': 10, 'batch_size': 8, 'annotation_path': 'dataset/annotation_dict.json', 'augmented_annotation_path': 'dataset/augmented_annotation_dict.json', 'model_path': 'model/r2plus1d_overfit/', 'history_path': 'histories/history_r2plus1d_overfit.txt'}

checkpoint name: r2plus1d_multiclass_1_0.01 
train loss: 3.42028 || train accuracy: 0.17 || train f1: 0.17 || train precision: 0.17 || train recall: 0.17
[[4 3 1 1 0 0 0 0 0 1]
 [5 0 1 3 0 0 0 0 0 4]
 [0 0 0 0 0 0 2 0 1 2]
 [6 1 0 4 0 0 0 0 0 1]
 [5 0 0 0 0 0 0 0 0 1]
 [0 0 0 0 0 0 1 0 0 1]
 [4 0 2 3 0 0 2 0 0 4]
 [1 0 0 2 0 0 1 0 0 0]
 [2 0 0 3 0 0 1 0 0 4]
 [6 1 0 7 0 0 2 0 0 7]]
val loss: 1560738.2875 || val accuracy: 0.12 || val f1: 0.12 || val precision: 0.12 || val recall: 0.12
[[ 0  0  0  0  0  0  0  0 11  0]
 [ 0  0  0  0  0  0  0  0  8  0]
 [ 0  0  0  0  0  0  0  0  6  0]
 [ 0  0  0  0  0  0  0  0 11  0]
 [ 0  0  0  0  0  0  0  0  4  0]
 [ 0  0  0  0  0  0  0  0  2  0]
 [ 0  0  0  0  0  0  0  0  8  0]
 [ 0  0  0  0  0  0  0  0  9  0]
 [ 0  0  0  0  0  0  0  0 12  0]
 [ 0  0  0  0  0  0  0  0 29  0]]

checkpoint name: r2plus1d_multiclass_2_0.01 
train loss: 2.27318 || train accuracy: 0.19 || train f1: 0.19 || train precision: 0.19 || train recall: 0.19
[[ 0  0  0  6  0  0  0  0  0  4]
 [ 0  0  0  6  0  0  1  0  0  6]
 [ 0  0  0  4  0  0  0  0  0  1]
 [ 0  0  0  4  0  0  0  0  0  8]
 [ 0  0  0  2  0  0  1  0  0  3]
 [ 0  0  0  1  0  0  0  0  0  1]
 [ 0  0  0  7  0  0  2  0  2  4]
 [ 0  0  0  1  0  0  0  0  0  3]
 [ 0  0  0  3  0  0  0  0  1  6]
 [ 0  0  0  5  0  0  5  0  1 12]]
val loss: 1768.7921 || val accuracy: 0.29 || val f1: 0.29 || val precision: 0.29 || val recall: 0.29
[[ 0  0  0  0  0  0  0  0  0 11]
 [ 0  0  0  0  0  0  0  0  0  8]
 [ 0  0  0  0  0  0  0  0  0  6]
 [ 0  0  0  0  0  0  0  0  0 11]
 [ 0  0  0  0  0  0  0  0  0  4]
 [ 0  0  0  0  0  0  0  0  0  2]
 [ 0  0  0  0  0  0  0  0  0  8]
 [ 0  0  0  0  0  0  0  0  0  9]
 [ 0  0  0  0  0  0  0  0  0 12]
 [ 0  0  0  0  0  0  0  0  0 29]]

checkpoint name: r2plus1d_multiclass_3_0.01 
train loss: 2.10668 || train accuracy: 0.16 || train f1: 0.16 || train precision: 0.16 || train recall: 0.16
[[ 1  0  0  0  0  0  0  0  0  9]
 [ 4  0  0  0  0  0  0  0  0  9]
 [ 0  0  0  0  0  0  0  0  0  5]
 [ 0  1  0  0  0  0  3  0  0  8]
 [ 1  3  0  0  0  0  0  0  0  2]
 [ 0  0  0  0  0  0  0  0  0  2]
 [ 1  0  0  0  0  0  5  0  0  9]
 [ 3  0  0  0  0  0  0  0  0  1]
 [ 0  1  0  0  0  0  2  0  2  5]
 [ 3  0  0  0  0  0 11  0  1  8]]
val loss: 25.64684 || val accuracy: 0.09 || val f1: 0.09 || val precision: 0.09 || val recall: 0.09
[[ 1  0  0  0  0  0 10  0  0  0]
 [ 0  0  0  0  0  0  8  0  0  0]
 [ 0  0  0  0  0  0  4  0  0  2]
 [ 1  0  0  0  0  0 10  0  0  0]
 [ 1  0  0  0  0  0  3  0  0  0]
 [ 0  0  0  0  0  0  2  0  0  0]
 [ 0  0  0  0  0  0  8  0  0  0]
 [ 1  0  0  0  0  0  8  0  0  0]
 [ 0  0  0  0  0  0 12  0  0  0]
 [ 0  0  0  0  0  0 29  0  0  0]]

checkpoint name: r2plus1d_multiclass_4_0.01 
train loss: 1.82424 || train accuracy: 0.29 || train f1: 0.29 || train precision: 0.29 || train recall: 0.29
[[ 8  0  0  0  0  0  0  0  0  2]
 [ 9  1  0  1  0  0  0  0  0  2]
 [ 4  0  0  0  0  0  0  0  0  1]
 [ 0  0  0  0  0  0  0  0  0 12]
 [ 5  0  0  0  0  0  0  0  0  1]
 [ 0  0  0  0  0  0  0  0  0  2]
 [ 0  0  0  0  0  0  3  0  0 12]
 [ 3  1  0  0  0  0  0  0  0  0]
 [ 0  0  0  0  0  0  0  0  0 10]
 [ 0  1  0  1  0  0  4  0  0 17]]
val loss: 7.03988 || val accuracy: 0.15 || val f1: 0.15 || val precision: 0.15 || val recall: 0.15
[[ 1  0  0  0  0  0  4  0  0  6]
 [ 3  0  0  0  0  0  2  0  0  3]
 [ 1  0  0  0  0  0  3  0  0  2]
 [ 0  0  0  0  0  0  7  0  0  4]
 [ 2  0  0  0  0  0  0  0  0  2]
 [ 0  0  0  0  0  0  1  0  0  1]
 [ 0  0  0  0  0  0  6  0  0  2]
 [ 3  0  0  0  0  0  3  0  0  3]
 [ 0  0  0  0  0  0  7  0  0  5]
 [ 0  0  0  0  0  0 21  0  0  8]]

checkpoint name: r2plus1d_multiclass_5_0.01 
train loss: 1.61082 || train accuracy: 0.38 || train f1: 0.38 || train precision: 0.38 || train recall: 0.38
[[ 5  2  0  0  0  0  0  0  0  3]
 [ 4  6  0  0  0  0  0  0  0  3]
 [ 2  0  0  0  0  0  0  0  0  3]
 [ 0  0  0  2  0  0  0  0  0 10]
 [ 3  3  0  0  0  0  0  0  0  0]
 [ 0  0  0  0  0  0  0  0  0  2]
 [ 0  0  0  1  0  0  6  0  0  8]
 [ 3  1  0  0  0  0  0  0  0  0]
 [ 0  0  0  0  0  0  1  0  3  6]
 [ 0  2  0  0  0  0  5  0  0 16]]
val loss: 2.49026 || val accuracy: 0.38 || val f1: 0.38 || val precision: 0.38 || val recall: 0.38
[[ 2  2  0  1  0  0  0  0  0  6]
 [ 2  2  0  0  1  0  0  0  1  2]
 [ 1  1  0  2  0  0  0  0  0  2]
 [ 1  0  0  1  0  0  0  0  2  7]
 [ 1  2  0  0  0  0  0  0  0  1]
 [ 0  0  0  0  0  0  0  0  0  2]
 [ 0  0  0  2  0  0  1  0  0  5]
 [ 3  1  0  0  0  0  0  0  2  3]
 [ 0  0  0  0  0  0  0  0  6  6]
 [ 0  0  0  1  0  0  0  0  2 26]]

checkpoint name: r2plus1d_multiclass_6_0.01 
train loss: 1.45942 || train accuracy: 0.48 || train f1: 0.48 || train precision: 0.48 || train recall: 0.48
[[ 5  4  0  1  0  0  0  0  0  0]
 [ 0 10  0  1  0  0  0  0  2  0]
 [ 2  2  0  1  0  0  0  0  0  0]
 [ 0  0  0  9  0  0  0  0  2  1]
 [ 0  5  0  1  0  0  0  0  0  0]
 [ 0  0  0  2  0  0  0  0  0  0]
 [ 0  0  0  2  0  0  6  0  0  7]
 [ 1  3  0  0  0  0  0  0  0  0]
 [ 0  0  0  1  0  0  1  0  8  0]
 [ 0  0  0  4  0  0  7  0  2 10]]
val loss: 1.76878 || val accuracy: 0.42 || val f1: 0.42 || val precision: 0.42 || val recall: 0.42
[[ 4  4  0  1  0  0  0  0  0  2]
 [ 3  1  0  0  1  0  0  0  1  2]
 [ 4  0  1  1  0  0  0  0  0  0]
 [ 1  0  0  5  0  0  0  0  2  3]
 [ 2  2  0  0  0  0  0  0  0  0]
 [ 0  0  0  0  0  0  0  0  1  1]
 [ 0  0  0  2  0  0  0  0  1  5]
 [ 3  1  0  2  0  0  0  0  3  0]
 [ 0  0  0  1  0  0  0  0  8  3]
 [ 1  0  0  4  0  0  0  0  1 23]]

checkpoint name: r2plus1d_multiclass_7_0.01 
train loss: 1.28365 || train accuracy: 0.51 || train f1: 0.51 || train precision: 0.51 || train recall: 0.51
[[ 7  2  0  0  0  0  0  0  0  1]
 [ 1  9  0  2  0  0  0  0  1  0]
 [ 1  0  2  1  0  0  0  0  0  1]
 [ 0  0  0  5  0  0  2  0  2  3]
 [ 0  6  0  0  0  0  0  0  0  0]
 [ 0  0  0  2  0  0  0  0  0  0]
 [ 0  0  0  2  0  0  4  0  0  9]
 [ 1  3  0  0  0  0  0  0  0  0]
 [ 0  0  0  1  0  0  0  0  7  2]
 [ 0  0  0  2  0  0  4  0  0 17]]
val loss: 1.8618 || val accuracy: 0.37 || val f1: 0.37 || val precision: 0.37 || val recall: 0.37
[[ 4  4  1  1  0  0  1  0  0  0]
 [ 3  1  1  0  1  0  1  0  1  0]
 [ 2  0  2  2  0  0  0  0  0  0]
 [ 0  0  1  5  0  0  0  0  3  2]
 [ 2  2  0  0  0  0  0  0  0  0]
 [ 0  0  0  0  0  0  0  0  1  1]
 [ 0  0  0  2  0  0  3  0  3  0]
 [ 2  2  0  2  0  0  0  0  3  0]
 [ 0  0  0  1  0  0  1  0  9  1]
 [ 1  0  1  7  0  0  2  0  5 13]]

checkpoint name: r2plus1d_multiclass_8_0.01 
train loss: 1.02854 || train accuracy: 0.61 || train f1: 0.61 || train precision: 0.61 || train recall: 0.61
[[ 7  2  0  0  0  0  0  0  0  1]
 [ 1 10  0  1  0  0  0  0  1  0]
 [ 1  0  4  0  0  0  0  0  0  0]
 [ 0  0  0  6  0  0  1  0  2  3]
 [ 1  5  0  0  0  0  0  0  0  0]
 [ 0  0  0  2  0  0  0  0  0  0]
 [ 0  0  0  4  0  0  8  0  0  3]
 [ 1  3  0  0  0  0  0  0  0  0]
 [ 0  0  0  0  0  0  0  0  8  2]
 [ 0  0  0  4  0  0  1  0  0 18]]
val loss: 3.63261 || val accuracy: 0.32 || val f1: 0.32 || val precision: 0.32 || val recall: 0.32
[[ 4  1  0  1  0  0  2  0  0  3]
 [ 4  0  0  1  1  0  1  0  0  1]
 [ 0  0  4  1  0  0  0  0  0  1]
 [ 0  0  1  2  0  0  6  0  0  2]
 [ 2  2  0  0  0  0  0  0  0  0]
 [ 0  0  0  0  0  0  1  0  0  1]
 [ 0  0  0  1  0  0  6  0  0  1]
 [ 2  2  0  0  0  0  3  0  2  0]
 [ 0  0  0  1  0  0  4  0  5  2]
 [ 0  0  1  4  0  0 11  0  2 11]]

checkpoint name: r2plus1d_multiclass_9_0.01 
train loss: 0.71815 || train accuracy: 0.76 || train f1: 0.76 || train precision: 0.76 || train recall: 0.76
[[ 8  2  0  0  0  0  0  0  0  0]
 [ 0 11  0  1  0  0  0  0  0  1]
 [ 0  0  5  0  0  0  0  0  0  0]
 [ 0  0  0 11  0  0  0  0  1  0]
 [ 1  5  0  0  0  0  0  0  0  0]
 [ 0  0  1  1  0  0  0  0  0  0]
 [ 0  0  0  0  0  0 13  0  0  2]
 [ 1  1  0  0  2  0  0  0  0  0]
 [ 0  0  0  0  0  0  0  0 10  0]
 [ 0  0  0  3  0  0  2  0  0 18]]
val loss: 2.4566 || val accuracy: 0.41 || val f1: 0.41 || val precision: 0.41 || val recall: 0.41
[[ 8  1  0  1  0  0  1  0  0  0]
 [ 5  0  0  1  1  0  1  0  0  0]
 [ 1  0  3  2  0  0  0  0  0  0]
 [ 0  0  1  2  0  0  3  0  4  1]
 [ 2  2  0  0  0  0  0  0  0  0]
 [ 1  0  0  0  0  0  0  0  1  0]
 [ 0  0  0  1  0  0  3  0  1  3]
 [ 3  0  0  0  0  0  1  0  4  1]
 [ 0  0  0  0  0  0  1  0  9  2]
 [ 2  2  0  4  0  0  2  0  3 16]]

checkpoint name: r2plus1d_multiclass_10_0.01 
train loss: 0.57166 || train accuracy: 0.78 || train f1: 0.78 || train precision: 0.78 || train recall: 0.78
[[ 7  2  0  0  1  0  0  0  0  0]
 [ 1  9  0  1  2  0  0  0  0  0]
 [ 0  0  4  1  0  0  0  0  0  0]
 [ 0  0  0 11  0  0  0  0  0  1]
 [ 0  5  0  0  1  0  0  0  0  0]
 [ 0  0  1  1  0  0  0  0  0  0]
 [ 0  0  0  0  0  0 14  0  0  1]
 [ 0  1  0  0  3  0  0  0  0  0]
 [ 0  0  0  0  0  0  0  0 10  0]
 [ 0  0  0  1  0  0  0  0  0 22]]
val loss: 2.34196 || val accuracy: 0.37 || val f1: 0.37 || val precision: 0.37 || val recall: 0.37
[[ 4  4  0  1  0  0  0  0  0  2]
 [ 5  0  0  1  1  0  1  0  0  0]
 [ 1  0  3  2  0  0  0  0  0  0]
 [ 0  0  2  2  0  0  1  0  3  3]
 [ 2  2  0  0  0  0  0  0  0  0]
 [ 1  0  0  0  0  0  0  0  1  0]
 [ 0  0  0  3  0  0  2  0  2  1]
 [ 2  1  0  2  1  0  0  0  3  0]
 [ 0  0  0  1  0  0  1  0 10  0]
 [ 0  0  1  3  0  0  0  0  9 16]]

checkpoint name: r2plus1d_multiclass_11_0.01 
train loss: 0.38949 || train accuracy: 0.87 || train f1: 0.87 || train precision: 0.87 || train recall: 0.87
[[ 9  1  0  0  0  0  0  0  0  0]
 [ 0 13  0  0  0  0  0  0  0  0]
 [ 0  0  5  0  0  0  0  0  0  0]
 [ 0  0  0 12  0  0  0  0  0  0]
 [ 0  6  0  0  0  0  0  0  0  0]
 [ 0  0  0  1  0  1  0  0  0  0]
 [ 0  0  0  0  0  0 15  0  0  0]
 [ 0  1  0  0  3  0  0  0  0  0]
 [ 0  0  0  0  0  0  0  0 10  0]
 [ 0  0  0  1  0  0  0  0  0 22]]
val loss: 2.64557 || val accuracy: 0.41 || val f1: 0.41 || val precision: 0.41 || val recall: 0.41
[[ 4  3  1  1  1  0  1  0  0  0]
 [ 4  0  1  1  1  0  1  0  0  0]
 [ 0  0  4  1  0  0  0  0  0  1]
 [ 0  0  1  6  0  0  1  0  3  0]
 [ 1  2  1  0  0  0  0  0  0  0]
 [ 0  0  0  1  0  0  0  0  0  1]
 [ 0  0  0  3  0  0  2  0  2  1]
 [ 2  1  0  1  1  0  1  0  3  0]
 [ 0  0  0  1  0  0  0  0 11  0]
 [ 0  0  2  6  0  0  2  0  5 14]]

checkpoint name: r2plus1d_multiclass_12_0.01 
train loss: 0.34847 || train accuracy: 0.88 || train f1: 0.88 || train precision: 0.88 || train recall: 0.88
[[ 9  0  0  0  0  0  0  0  0  1]
 [ 0 11  0  0  0  0  0  1  0  1]
 [ 0  0  5  0  0  0  0  0  0  0]
 [ 0  0  0 12  0  0  0  0  0  0]
 [ 0  1  0  0  5  0  0  0  0  0]
 [ 0  0  0  0  0  2  0  0  0  0]
 [ 0  0  0  0  0  0 14  0  0  1]
 [ 0  1  0  0  3  0  0  0  0  0]
 [ 0  1  0  0  0  0  0  0  9  0]
 [ 0  1  0  0  0  0  0  0  1 21]]
val loss: 3.19714 || val accuracy: 0.32 || val f1: 0.32 || val precision: 0.32 || val recall: 0.32
[[ 4  2  0  0  0  0  0  0  2  3]
 [ 5  0  0  0  1  0  0  0  0  2]
 [ 1  0  2  2  0  0  0  0  0  1]
 [ 0  0  0  1  0  0  0  0  3  7]
 [ 2  1  0  0  0  0  0  0  1  0]
 [ 0  0  0  0  0  0  0  0  1  1]
 [ 0  0  0  1  0  0  0  0  1  6]
 [ 2  1  0  2  1  0  0  0  3  0]
 [ 0  0  0  0  0  0  0  0  8  4]
 [ 0  0  0  1  0  0  0  0 11 17]]

checkpoint name: r2plus1d_multiclass_13_0.01 
train loss: 0.33614 || train accuracy: 0.91 || train f1: 0.91 || train precision: 0.91 || train recall: 0.91
[[10  0  0  0  0  0  0  0  0  0]
 [ 1 12  0  0  0  0  0  0  0  0]
 [ 0  0  5  0  0  0  0  0  0  0]
 [ 0  0  0 10  0  0  0  0  1  1]
 [ 0  0  0  0  6  0  0  0  0  0]
 [ 0  0  0  0  0  2  0  0  0  0]
 [ 0  0  0  0  0  0 15  0  0  0]
 [ 0  1  0  0  3  0  0  0  0  0]
 [ 0  0  0  0  0  0  0  0  9  1]
 [ 0  0  0  0  0  0  1  0  0 22]]
val loss: 4.53323 || val accuracy: 0.4 || val f1: 0.4 || val precision: 0.4 || val recall: 0.4
[[ 2  1  0  2  0  0  2  0  0  4]
 [ 1  3  0  1  0  0  1  1  0  1]
 [ 0  0  2  3  0  0  0  0  0  1]
 [ 0  0  0  4  0  0  4  0  0  3]
 [ 0  2  0  0  0  0  0  1  0  1]
 [ 0  0  0  0  0  0  0  0  0  2]
 [ 0  0  0  3  0  0  4  0  0  1]
 [ 0  2  0  3  0  0  1  2  1  0]
 [ 0  0  0  4  0  0  1  0  5  2]
 [ 0  0  0  6  0  0  3  0  2 18]]

checkpoint name: r2plus1d_multiclass_14_0.01 
train loss: 0.47411 || train accuracy: 0.82 || train f1: 0.82 || train precision: 0.82 || train recall: 0.82
[[ 9  1  0  0  0  0  0  0  0  0]
 [ 0 11  0  1  1  0  0  0  0  0]
 [ 0  0  5  0  0  0  0  0  0  0]
 [ 0  1  0  9  0  1  0  0  0  1]
 [ 0  2  0  0  3  0  0  1  0  0]
 [ 0  0  0  0  0  2  0  0  0  0]
 [ 0  0  0  0  0  0 12  0  1  2]
 [ 0  1  0  0  2  0  0  1  0  0]
 [ 0  0  0  0  0  0  1  0  9  0]
 [ 0  0  0  0  0  0  2  0  0 21]]
val loss: 6.752 || val accuracy: 0.24 || val f1: 0.24 || val precision: 0.24 || val recall: 0.24
[[10  0  0  0  0  0  1  0  0  0]
 [ 5  0  0  1  1  0  1  0  0  0]
 [ 6  0  0  0  0  0  0  0  0  0]
 [ 3  0  0  1  0  0  6  0  0  1]
 [ 3  0  0  0  1  0  0  0  0  0]
 [ 1  0  0  0  0  0  0  0  0  1]
 [ 2  0  0  0  0  0  6  0  0  0]
 [ 4  0  0  0  1  0  2  0  0  2]
 [ 1  2  0  0  0  0  2  0  2  5]
 [17  2  1  0  0  0  5  0  0  4]]

checkpoint name: r2plus1d_multiclass_15_0.01 
train loss: 0.41574 || train accuracy: 0.85 || train f1: 0.85 || train precision: 0.85 || train recall: 0.85
[[10  0  0  0  0  0  0  0  0  0]
 [ 1 11  0  0  0  0  0  1  0  0]
 [ 0  0  3  1  0  1  0  0  0  0]
 [ 0  0  0 12  0  0  0  0  0  0]
 [ 0  1  0  0  5  0  0  0  0  0]
 [ 0  0  0  1  0  1  0  0  0  0]
 [ 0  0  0  1  0  0 12  0  0  2]
 [ 1  1  0  0  2  0  0  0  0  0]
 [ 0  0  0  0  0  0  0  0 10  0]
 [ 0  0  0  0  0  0  2  0  0 21]]
val loss: 5.26549 || val accuracy: 0.35 || val f1: 0.35 || val precision: 0.35 || val recall: 0.35
[[ 7  2  0  0  0  0  1  0  1  0]
 [ 5  0  0  0  1  0  1  0  1  0]
 [ 2  0  4  0  0  0  0  0  0  0]
 [ 1  0  2  0  0  0  2  0  5  1]
 [ 2  1  0  0  0  0  0  0  1  0]
 [ 1  0  0  0  0  0  0  0  1  0]
 [ 0  0  0  0  0  0  2  0  4  2]
 [ 2  0  0  1  1  0  1  0  4  0]
 [ 0  0  0  0  0  0  0  0 11  1]
 [ 5  1  1  1  0  0  4  0  6 11]]

checkpoint name: r2plus1d_multiclass_16_0.01 
train loss: 0.24704 || train accuracy: 0.92 || train f1: 0.92 || train precision: 0.92 || train recall: 0.92
[[ 8  1  0  0  0  0  0  1  0  0]
 [ 0 13  0  0  0  0  0  0  0  0]
 [ 0  0  5  0  0  0  0  0  0  0]
 [ 0  0  0 12  0  0  0  0  0  0]
 [ 1  0  0  0  5  0  0  0  0  0]
 [ 0  0  0  0  0  2  0  0  0  0]
 [ 0  0  0  0  0  0 14  0  0  1]
 [ 0  1  0  0  2  0  0  1  0  0]
 [ 0  0  0  0  0  0  0  0 10  0]
 [ 0  0  0  0  0  0  1  0  0 22]]
val loss: 3.5922 || val accuracy: 0.27 || val f1: 0.27 || val precision: 0.27 || val recall: 0.27
[[ 4  5  0  1  0  0  1  0  0  0]
 [ 5  0  0  1  0  0  1  1  0  0]
 [ 1  0  1  3  0  1  0  0  0  0]
 [ 0  0  0  5  0  1  3  0  2  0]
 [ 2  2  0  0  0  0  0  0  0  0]
 [ 1  0  0  0  0  0  0  0  1  0]
 [ 0  0  0  5  0  0  3  0  0  0]
 [ 3  1  0  2  0  0  1  0  2  0]
 [ 0  0  0  6  0  0  2  0  4  0]
 [ 0  3  0 10  0  0  3  0  3 10]]

checkpoint name: r2plus1d_multiclass_17_0.01 
train loss: 0.13773 || train accuracy: 0.99 || train f1: 0.99 || train precision: 0.99 || train recall: 0.99
[[ 9  0  0  0  0  0  0  0  0  1]
 [ 0 13  0  0  0  0  0  0  0  0]
 [ 0  0  5  0  0  0  0  0  0  0]
 [ 0  0  0 12  0  0  0  0  0  0]
 [ 0  0  0  0  6  0  0  0  0  0]
 [ 0  0  0  0  0  2  0  0  0  0]
 [ 0  0  0  0  0  0 15  0  0  0]
 [ 0  0  0  0  0  0  0  4  0  0]
 [ 0  0  0  0  0  0  0  0 10  0]
 [ 0  0  0  0  0  0  0  0  0 23]]
val loss: 3.50929 || val accuracy: 0.4 || val f1: 0.4 || val precision: 0.4 || val recall: 0.4
[[ 3  5  0  1  0  0  1  0  0  1]
 [ 1  3  1  1  0  0  1  1  0  0]
 [ 0  0  0  3  0  2  0  0  0  1]
 [ 0  1  0  3  0  1  3  0  0  3]
 [ 1  2  0  0  0  0  0  0  0  1]
 [ 0  0  0  0  0  0  0  0  0  2]
 [ 0  0  0  2  0  0  5  0  0  1]
 [ 0  2  0  2  0  0  1  2  2  0]
 [ 0  0  0  3  0  0  2  0  6  1]
 [ 0  0  0  5  0  0  4  0  2 18]]

checkpoint name: r2plus1d_multiclass_18_0.01 
train loss: 0.06532 || train accuracy: 0.99 || train f1: 0.99 || train precision: 0.99 || train recall: 0.99
[[ 9  1  0  0  0  0  0  0  0  0]
 [ 0 13  0  0  0  0  0  0  0  0]
 [ 0  0  5  0  0  0  0  0  0  0]
 [ 0  0  0 12  0  0  0  0  0  0]
 [ 0  0  0  0  6  0  0  0  0  0]
 [ 0  0  0  0  0  2  0  0  0  0]
 [ 0  0  0  0  0  0 15  0  0  0]
 [ 0  0  0  0  0  0  0  4  0  0]
 [ 0  0  0  0  0  0  0  0 10  0]
 [ 0  0  0  0  0  0  0  0  0 23]]
val loss: 3.22433 || val accuracy: 0.4 || val f1: 0.4 || val precision: 0.4 || val recall: 0.4
[[ 4  3  1  0  2  0  1  0  0  0]
 [ 4  0  1  1  1  0  1  0  0  0]
 [ 0  0  3  2  0  0  0  0  0  1]
 [ 0  0  1  3  0  1  3  0  0  3]
 [ 2  1  0  0  1  0  0  0  0  0]
 [ 0  0  0  0  0  0  0  0  0  2]
 [ 0  0  0  3  0  0  4  0  0  1]
 [ 2  1  0  2  0  0  1  1  1  1]
 [ 0  0  0  3  0  0  2  0  4  3]
 [ 0  0  0  4  0  0  3  0  2 20]]

checkpoint name: r2plus1d_multiclass_19_0.01 
train loss: 0.04012 || train accuracy: 1.0 || train f1: 1.0 || train precision: 1.0 || train recall: 1.0
[[10  0  0  0  0  0  0  0  0  0]
 [ 0 13  0  0  0  0  0  0  0  0]
 [ 0  0  5  0  0  0  0  0  0  0]
 [ 0  0  0 12  0  0  0  0  0  0]
 [ 0  0  0  0  6  0  0  0  0  0]
 [ 0  0  0  0  0  2  0  0  0  0]
 [ 0  0  0  0  0  0 15  0  0  0]
 [ 0  0  0  0  0  0  0  4  0  0]
 [ 0  0  0  0  0  0  0  0 10  0]
 [ 0  0  0  0  0  0  0  0  0 23]]
val loss: 3.32358 || val accuracy: 0.38 || val f1: 0.38 || val precision: 0.38 || val recall: 0.38
[[ 4  4  1  0  1  0  1  0  0  0]
 [ 3  0  1  1  1  0  1  1  0  0]
 [ 0  0  3  2  0  0  0  0  0  1]
 [ 0  0  3  1  0  0  3  0  0  4]
 [ 2  1  0  0  1  0  0  0  0  0]
 [ 0  0  0  0  0  0  0  0  0  2]
 [ 0  1  0  0  0  0  5  0  0  2]
 [ 2  1  0  2  0  0  1  1  1  1]
 [ 0  0  0  2  0  0  2  0  5  3]
 [ 0  2  0  4  0  0  3  0  2 18]]

checkpoint name: r2plus1d_multiclass_20_0.01 
train loss: 0.01901 || train accuracy: 1.0 || train f1: 1.0 || train precision: 1.0 || train recall: 1.0
[[10  0  0  0  0  0  0  0  0  0]
 [ 0 13  0  0  0  0  0  0  0  0]
 [ 0  0  5  0  0  0  0  0  0  0]
 [ 0  0  0 12  0  0  0  0  0  0]
 [ 0  0  0  0  6  0  0  0  0  0]
 [ 0  0  0  0  0  2  0  0  0  0]
 [ 0  0  0  0  0  0 15  0  0  0]
 [ 0  0  0  0  0  0  0  4  0  0]
 [ 0  0  0  0  0  0  0  0 10  0]
 [ 0  0  0  0  0  0  0  0  0 23]]
val loss: 3.43367 || val accuracy: 0.42 || val f1: 0.42 || val precision: 0.42 || val recall: 0.42
[[ 4  4  1  0  1  0  1  0  0  0]
 [ 2  0  1  1  1  0  1  2  0  0]
 [ 0  0  3  2  0  0  0  0  0  1]
 [ 0  0  3  2  0  0  2  0  0  4]
 [ 2  1  0  0  1  0  0  0  0  0]
 [ 0  0  0  0  0  0  0  0  0  2]
 [ 0  0  0  0  0  0  3  0  1  4]
 [ 1  1  0  2  0  0  1  2  1  1]
 [ 0  0  0  1  0  0  2  0  6  3]
 [ 0  0  1  3  0  0  2  0  2 21]]

checkpoint name: r2plus1d_multiclass_21_0.01 
train loss: 0.01279 || train accuracy: 1.0 || train f1: 1.0 || train precision: 1.0 || train recall: 1.0
[[10  0  0  0  0  0  0  0  0  0]
 [ 0 13  0  0  0  0  0  0  0  0]
 [ 0  0  5  0  0  0  0  0  0  0]
 [ 0  0  0 12  0  0  0  0  0  0]
 [ 0  0  0  0  6  0  0  0  0  0]
 [ 0  0  0  0  0  2  0  0  0  0]
 [ 0  0  0  0  0  0 15  0  0  0]
 [ 0  0  0  0  0  0  0  4  0  0]
 [ 0  0  0  0  0  0  0  0 10  0]
 [ 0  0  0  0  0  0  0  0  0 23]]
val loss: 3.73073 || val accuracy: 0.41 || val f1: 0.41 || val precision: 0.41 || val recall: 0.41
[[ 4  4  1  0  1  0  1  0  0  0]
 [ 5  0  0  1  1  0  1  0  0  0]
 [ 1  0  3  2  0  0  0  0  0  0]
 [ 0  0  3  2  0  0  2  0  0  4]
 [ 2  1  0  0  1  0  0  0  0  0]
 [ 0  0  0  0  0  0  0  0  0  2]
 [ 0  0  0  1  0  0  3  0  1  3]
 [ 3  1  0  2  0  0  1  0  2  0]
 [ 0  0  0  1  0  0  2  0  7  2]
 [ 0  0  1  3  0  0  2  0  2 21]]

checkpoint name: r2plus1d_multiclass_22_0.01 
train loss: 0.00845 || train accuracy: 1.0 || train f1: 1.0 || train precision: 1.0 || train recall: 1.0
[[10  0  0  0  0  0  0  0  0  0]
 [ 0 13  0  0  0  0  0  0  0  0]
 [ 0  0  5  0  0  0  0  0  0  0]
 [ 0  0  0 12  0  0  0  0  0  0]
 [ 0  0  0  0  6  0  0  0  0  0]
 [ 0  0  0  0  0  2  0  0  0  0]
 [ 0  0  0  0  0  0 15  0  0  0]
 [ 0  0  0  0  0  0  0  4  0  0]
 [ 0  0  0  0  0  0  0  0 10  0]
 [ 0  0  0  0  0  0  0  0  0 23]]
val loss: 3.6754 || val accuracy: 0.41 || val f1: 0.41 || val precision: 0.41 || val recall: 0.41
[[ 4  4  1  0  1  0  1  0  0  0]
 [ 5  0  0  1  1  0  1  0  0  0]
 [ 1  0  3  2  0  0  0  0  0  0]
 [ 0  0  3  2  0  0  2  0  0  4]
 [ 2  1  0  0  1  0  0  0  0  0]
 [ 0  0  0  0  0  0  0  0  0  2]
 [ 0  0  0  1  0  0  3  0  1  3]
 [ 3  1  0  2  0  0  1  0  2  0]
 [ 0  0  0  1  0  0  2  0  7  2]
 [ 0  0  1  3  0  0  2  0  2 21]]

checkpoint name: r2plus1d_multiclass_23_0.01 
train loss: 0.00614 || train accuracy: 1.0 || train f1: 1.0 || train precision: 1.0 || train recall: 1.0
[[10  0  0  0  0  0  0  0  0  0]
 [ 0 13  0  0  0  0  0  0  0  0]
 [ 0  0  5  0  0  0  0  0  0  0]
 [ 0  0  0 12  0  0  0  0  0  0]
 [ 0  0  0  0  6  0  0  0  0  0]
 [ 0  0  0  0  0  2  0  0  0  0]
 [ 0  0  0  0  0  0 15  0  0  0]
 [ 0  0  0  0  0  0  0  4  0  0]
 [ 0  0  0  0  0  0  0  0 10  0]
 [ 0  0  0  0  0  0  0  0  0 23]]
val loss: 3.62165 || val accuracy: 0.42 || val f1: 0.42 || val precision: 0.42 || val recall: 0.42
[[ 4  4  1  0  1  0  1  0  0  0]
 [ 3  0  1  1  1  0  1  1  0  0]
 [ 1  0  3  2  0  0  0  0  0  0]
 [ 0  0  2  2  0  0  3  0  0  4]
 [ 2  1  0  0  1  0  0  0  0  0]
 [ 0  0  0  0  0  0  0  0  0  2]
 [ 0  0  0  1  0  0  3  0  1  3]
 [ 2  1  0  2  0  0  1  1  2  0]
 [ 0  0  0  1  0  0  2  0  7  2]
 [ 0  0  1  3  0  0  2  0  2 21]]

checkpoint name: r2plus1d_multiclass_24_0.01 
train loss: 0.00487 || train accuracy: 1.0 || train f1: 1.0 || train precision: 1.0 || train recall: 1.0
[[10  0  0  0  0  0  0  0  0  0]
 [ 0 13  0  0  0  0  0  0  0  0]
 [ 0  0  5  0  0  0  0  0  0  0]
 [ 0  0  0 12  0  0  0  0  0  0]
 [ 0  0  0  0  6  0  0  0  0  0]
 [ 0  0  0  0  0  2  0  0  0  0]
 [ 0  0  0  0  0  0 15  0  0  0]
 [ 0  0  0  0  0  0  0  4  0  0]
 [ 0  0  0  0  0  0  0  0 10  0]
 [ 0  0  0  0  0  0  0  0  0 23]]
val loss: 3.66435 || val accuracy: 0.41 || val f1: 0.41 || val precision: 0.41 || val recall: 0.41
[[ 4  4  1  0  1  0  1  0  0  0]
 [ 3  0  1  1  1  0  1  1  0  0]
 [ 1  0  3  2  0  0  0  0  0  0]
 [ 0  0  3  2  0  0  2  0  0  4]
 [ 2  1  0  0  1  0  0  0  0  0]
 [ 0  0  0  0  0  0  0  0  0  2]
 [ 0  0  0  2  0  0  2  0  1  3]
 [ 1  2  0  2  0  0  1  1  2  0]
 [ 0  0  0  1  0  0  2  0  7  2]
 [ 0  0  1  3  0  0  2  0  2 21]]
