
============================== Base_model: r2plus1d_multiclass ==============================
arguments: {'base_model_name': 'r2plus1d_multiclass', 'pretrained': True, 'lr': 0.01, 'start_epoch': 1, 'num_epochs': 25, 'layers_list': ['layer3', 'layer4', 'fc'], 'continue_epoch': False, 'num_classes': 10, 'batch_size': 8, 'annotation_path': 'dataset/annotation_dict.json', 'augmented_annotation_path': 'dataset/augmented_annotation_dict.json', 'model_path': 'model_checkpoints/r2plus1d_augmented/', 'history_path': 'histories/history_r2plus1d_augmented.txt'}

checkpoint name: r2plus1d_multiclass_1_0.01 
train loss: 1.41838 || train accuracy: 0.48622 || train f1: 0.48622 || train precision: 0.48622 || train recall: 0.48622
[[1972  589  135   22  101    5   48  245   31  349]
 [ 779 1677  143  119   61   35   56  451   57  365]
 [  30    7 2525  172    0   11   91    0   23 1286]
 [  20   25  721  833    0   59  147    0   52  590]
 [ 650  409   32   11   86   10    5   99   24  174]
 [  43   26  209  207    3   96  173    2  257  656]
 [  36    6  303   81    0   25  775    2  451 1013]
 [ 498  787   56    5   26    9   81  662   71  306]
 [  33   18   39   10    6   25  246    9 2386 1750]
 [  94   25  667  105    4   53  292    2  998 5972]]
val loss: 1.36163 || val accuracy: 0.53417 || val f1: 0.53417 || val precision: 0.53417 || val recall: 0.53417
[[ 476  198  134    0   15    0    0  118    2   30]
 [  39  664   90   36   12   12    6  140    9   42]
 [   0    1 1122    3    0    0    1    0    0   57]
 [   0   24  264  330    0   51    4    0    1   44]
 [ 114  158   27    3   55    6    0   31    0   26]
 [   1   24  121   57    2  100   19    0   53  105]
 [   0    0  256    9    0    6  116    0   63  314]
 [  29  107   40    0    0    0   10  433    9   74]
 [   0    1   21    1    0    1   23    1  460  806]
 [   0    0  760    0    0    3    0    0   35 1575]]

checkpoint name: r2plus1d_multiclass_2_0.01 
train loss: 1.06556 || train accuracy: 0.61498 || train f1: 0.61498 || train precision: 0.61498 || train recall: 0.61498
[[2369  317   73    5  177   37   55  263   36  165]
 [ 408 2220   93  169  117  128   43  375   53  137]
 [  25    5 2937  128    4   15  116    0    5  910]
 [   2   40  311 1686    1  145   63    0   20  179]
 [ 577  324   26   18  374   41    2   80   17   41]
 [  58   55  134  287   14  583  131    1  202  207]
 [  46    4  255   73    1   89  992    2  472  758]
 [ 350  364   40   12   20   15  101 1279  100  220]
 [  23    8   14   15    4   62  246    2 2879 1269]
 [  71   22  641   59    8   61  301    3  883 6163]]
val loss: 1.01598 || val accuracy: 0.63868 || val f1: 0.63868 || val precision: 0.63868 || val recall: 0.63868
[[ 810   25    2    0   14    7   13   48   14   40]
 [ 143  610   11   19   11   62   14  115   22   43]
 [  32    1  514    5    1   12   90    0    3  526]
 [   3   24   41  425    0  132   17    0   16   60]
 [ 165   86    2    0  117   18    0   12    7   13]
 [  24    6   10   22    2  254   23    0   94   47]
 [  23    2    9    7    0   15  252    0  295  161]
 [  66   23    1    0    2    4   22  483   56   45]
 [   7    0    0    1    1    6    9    0 1156  134]
 [  27    0   11    2    1    7   50    0  522 1753]]

checkpoint name: r2plus1d_multiclass_3_0.01 
train loss: 0.86937 || train accuracy: 0.6891 || train f1: 0.6891 || train precision: 0.6891 || train recall: 0.6891
[[2677  192   59    5  192   31   39  163   29  110]
 [ 274 2603   65  141  135  156   27  204   40   98]
 [  22   12 3141   93    0   24   86    3    4  760]
 [   7   60  216 1875    3  119   53    2    8  104]
 [ 446  273   12   12  643   30    1   48   10   25]
 [  44   85  101  178   21  863  113    3  139  125]
 [  46   11  203   54    3   66 1240   20  400  649]
 [ 209  195   40    8   19    7   87 1631  104  201]
 [  27   13   12    8    8   61  232   14 3080 1067]
 [  47   22  596   53    5   53  302   16  800 6318]]
val loss: 0.89333 || val accuracy: 0.67335 || val f1: 0.67335 || val precision: 0.67335 || val recall: 0.67335
[[ 675   32    6    0  225   16    5    9    2    3]
 [  55  701   13   29  128   66   16   36    1    5]
 [  30   10  897   31   10   31   60    5    0  110]
 [   5   30   32  521    7   91   20    3    0    9]
 [  34   33    1    0  334   15    0    3    0    0]
 [  12   28   11   29   17  332   43    1    4    5]
 [  37    7   31   11    5   28  555   11   23   56]
 [  62   25    6    1   24    2   44  507   12   19]
 [  17    3    3    1   25   37  360   12  661  195]
 [  70   27  170    6   25   62  295   25  156 1537]]

checkpoint name: r2plus1d_multiclass_4_0.01 
train loss: 0.72722 || train accuracy: 0.73743 || train f1: 0.73743 || train precision: 0.73743 || train recall: 0.73743
[[2860  156   33    3  154   33   38  116   26   78]
 [ 181 2867   49  139  114  136   19  158   26   54]
 [  18   16 3275   65    0   17   79   11    5  659]
 [   2   56  164 1973    2  107   50    2    4   87]
 [ 334  184    6   13  887   38    0   18    6   14]
 [  45   99   86  151   26  964   86    4  115   96]
 [  63   13  176   36    1   49 1378   39  370  567]
 [ 107  133   29    5   12    8   69 1862   96  180]
 [  32   10    8    4    7   44  218   24 3199  976]
 [  40   20  547   30    5   38  310   24  704 6494]]
val loss: 0.76586 || val accuracy: 0.73016 || val f1: 0.73016 || val precision: 0.73016 || val recall: 0.73016
[[ 831   22   24    2    3    4    4   39    2   42]
 [  58  729   30  105    5   16   13   75    8   11]
 [   1    0 1036   38    0    1   10    4    0   94]
 [   0    2   43  650    0    6    7    0    0   10]
 [ 139   57    4    9  188    7    0    5    2    9]
 [   6   10   31  149    4  183   43    2   24   30]
 [   5    1   77   29    0    2  383    5   94  168]
 [  17   12   16    5    1    0   14  574   18   45]
 [   2    0    7    5    0    1   60    2  833  404]
 [  10    1  282   23    0    4   61    6  106 1880]]

checkpoint name: r2plus1d_multiclass_5_0.01 
train loss: 0.62826 || train accuracy: 0.77146 || train f1: 0.77146 || train precision: 0.77146 || train recall: 0.77146
[[3021   99   26    2  131   24   24   83   19   68]
 [ 128 3047   43  122   93  126   20   96   24   44]
 [  14   11 3340   66    1   11   74   10    3  615]
 [   1   61  139 2045    7   88   34    2    9   61]
 [ 223  133    3    7 1076   30    0   15    1   12]
 [  38   92   77  136   20 1089   58    4   86   72]
 [  42    5  148   42    0   61 1494   28  339  533]
 [  83   98   21    6    7   10   52 1991   78  155]
 [  22   12    6    4    6   35  206   27 3272  932]
 [  57   11  499   36    4   35  282   39  676 6573]]
val loss: 0.79033 || val accuracy: 0.72906 || val f1: 0.72906 || val precision: 0.72906 || val recall: 0.72906
[[ 715  157   24    1   28   19    3    9    0   17]
 [   5  921   15   74    5   17    1    9    0    3]
 [   1    5 1018   81    0    7   16    1    0   55]
 [   0    6   18  666    0   18    5    1    1    3]
 [  31  101    0    3  272    7    0    2    1    3]
 [   4   38   12   82    6  300   16    0   11   13]
 [   7   12   87   36    0   32  398    1   62  129]
 [  10   84   19    9    0    4   19  500   22   35]
 [   1   14    8   11    2   36   59    6  816  361]
 [   8   37  436   35    1   21   66    1   98 1670]]

checkpoint name: r2plus1d_multiclass_6_0.01 
train loss: 0.5356 || train accuracy: 0.80413 || train f1: 0.80413 || train precision: 0.80413 || train recall: 0.80413
[[3162   80   23    0   89   17   22   49   13   42]
 [  84 3231   26  101   73  112   10   59   15   32]
 [  12    9 3417   48    0   21   75   11    1  551]
 [   4   70   97 2094    0   92   33    6    5   46]
 [ 168   94    4    6 1190   20    0    6    4    8]
 [  33   93   52  124   19 1166   50    5   71   59]
 [  41    6  120   27    0   49 1632   34  311  472]
 [  54   47   25    9    8    4   59 2122   65  108]
 [  14   14    6    5    2   34  198   25 3368  856]
 [  30   16  481   17    5   33  280   46  597 6707]]
val loss: 0.69404 || val accuracy: 0.76082 || val f1: 0.76082 || val precision: 0.76082 || val recall: 0.76082
[[ 814   22    5    0   16    4   10   57    9   36]
 [  34  801   14   22   12   46   19   70   10   22]
 [   3    3  839    4    0    5   70    7    2  251]
 [   0   14   51  494    1   77   29   11    5   36]
 [  64   30    0    0  312    7    0    6    0    1]
 [   8   17   18   21    6  291   43    6   38   34]
 [   4    1   14    2    0    0  442   11  113  177]
 [   7    6    0    0    0    0   16  618   23   32]
 [   3    0    1    0    0    3   38    7  896  366]
 [   3    0   56    1    2    3   68   18  136 2086]]

checkpoint name: r2plus1d_multiclass_7_0.01 
train loss: 0.45842 || train accuracy: 0.82998 || train f1: 0.82998 || train precision: 0.82998 || train recall: 0.82998
[[3266   46    9    2   72   14   18   35    9   26]
 [  46 3345   24   90   49   96    4   50   11   28]
 [  10    7 3493   34    1   17   69    7    1  506]
 [   2   51   76 2159    1   84   29    5    5   35]
 [ 119   58    1    5 1286   19    0    3    3    6]
 [  20   90   40   96   20 1263   47    6   41   49]
 [  36    2  107   32    0   39 1730   35  285  426]
 [  46   44   13    2    3    6   35 2205   55   92]
 [  13   16    6    2    3   32  197   18 3438  797]
 [  25   20  428   17    0   28  267   35  585 6807]]
val loss: 0.6939 || val accuracy: 0.76683 || val f1: 0.76683 || val precision: 0.76683 || val recall: 0.76683
[[ 831   34    6    0   65   12    3   10    3    9]
 [  35  853    7   37   30   57    4   13    1   13]
 [  11    5  845   71    5   41   25    6    1  174]
 [   0   10   11  623    1   54    6    1    2   10]
 [  13   27    1    0  371    6    0    2    0    0]
 [   5   15    6   43   13  375    4    2    9   10]
 [  16    2   40   16    1   51  342    2  172  122]
 [  26   38    1    1    2    3   10  562   32   27]
 [   6    2    0    3    8   33   22    9 1056  175]
 [  27    9   98   14    7   55   46   17  305 1795]]

checkpoint name: r2plus1d_multiclass_8_0.01 
train loss: 0.39159 || train accuracy: 0.85692 || train f1: 0.85692 || train precision: 0.85692 || train recall: 0.85692
[[3319   32    9    1   52    8   13   28    8   27]
 [  41 3428   14   75   36   71    6   42   10   20]
 [   5    7 3587   34    1   14   59   11    2  425]
 [   2   42   70 2221    0   54   22    1    6   29]
 [  71   41    0    2 1358   12    0   10    3    3]
 [  30   63   26   84   10 1343   42    4   35   35]
 [  13    6   95   23    0   27 1878   25  225  400]
 [  22   43   12    6    5    1   34 2263   48   67]
 [   8   10    5    4    2   16  170   23 3586  698]
 [  26    7  374    7    4   30  248   37  529 6950]]
val loss: 0.67276 || val accuracy: 0.76964 || val f1: 0.76964 || val precision: 0.76964 || val recall: 0.76964
[[ 839    9    4    0   58    9    3   36    8    7]
 [  25  787   17   34   72   57    6   41    5    6]
 [  14    4  987   12    2   13   31    7    7  107]
 [   0    6   42  570    2   75   10    3    3    7]
 [  11   14    0    0  384    8    0    3    0    0]
 [   6   19   16   30   12  355   12    7   17    8]
 [  20    0   41    8    2   25  419   30  141   78]
 [   9    7    2    0    1    0    6  647   19   11]
 [   7    0    3    1    7   21   44   29 1070  132]
 [  35    5  178    7    6   29   81   57  352 1623]]

checkpoint name: r2plus1d_multiclass_9_0.01 
train loss: 0.33193 || train accuracy: 0.87799 || train f1: 0.87799 || train precision: 0.87799 || train recall: 0.87799
[[3354   22    9    1   38   14   12   28    6   13]
 [  26 3505   10   46   34   54    4   35   11   18]
 [  10    5 3621   19    0   10   54    7    0  419]
 [   0   37   60 2249    1   56   21    0    2   21]
 [  44   37    0    4 1394    9    1    2    5    4]
 [  18   50   23   70   12 1391   38    5   36   29]
 [  26    7   74   18    0   22 2036   19  193  297]
 [  26   30   11    2    3    3   29 2310   42   45]
 [   7   14    4    3    1   28  154   22 3706  583]
 [  20    7  348   19    1   26  187   21  480 7103]]
val loss: 0.73766 || val accuracy: 0.75952 || val f1: 0.75952 || val precision: 0.75952 || val recall: 0.75952
[[ 829   20   10    0   46    5    2   28   15   18]
 [  24  836   17   53   42   25    1   31   10   11]
 [   2    3  968   27    0    8   17   20   14  125]
 [   0    7   31  610    2   38    4    5    3   18]
 [  16   23    0    1  374    0    0    3    1    2]
 [   6   25   20   59   12  295    7    6   38   14]
 [  14    2   56   13    1    9  255   43  246  125]
 [  15   14    2    0    3    0    2  632   24   10]
 [   5    2    3    1    1    7    6   21 1117  151]
 [  10    4  176    8    3   16   28   60  404 1664]]

checkpoint name: r2plus1d_multiclass_10_0.01 
train loss: 0.27362 || train accuracy: 0.89743 || train f1: 0.89743 || train precision: 0.89743 || train recall: 0.89743
[[3365   21    6    0   38   11    9   24    5   18]
 [  30 3556   12   34   21   35    6   29    9   11]
 [   8    9 3688   29    0    3   39    7    0  362]
 [   1   28   45 2290    1   42   15    2    3   20]
 [  45   34    1    3 1407    8    0    1    1    0]
 [  13   38   22   52    6 1455   29    1   36   20]
 [  19    6   54   21    0   27 2139   19  172  235]
 [  19   27    5    5    2    3   28 2350   27   35]
 [   6    6    3    5    0   15  124   16 3871  476]
 [  14    7  327    9    2   17  182   18  409 7227]]
val loss: 0.79901 || val accuracy: 0.75381 || val f1: 0.75381 || val precision: 0.75381 || val recall: 0.75381
[[ 816   59    2    0    4   12   14   45    7   14]
 [  16  894   13   37    2   37    4   33    6    8]
 [   2    7  832   31    0   12   86   21    9  184]
 [   0    6   31  622    0   29   13    2    4   11]
 [  66   52    2    2  274   12    0    6    2    4]
 [   4   27    6   55    3  327   25    5   19   11]
 [   9    5   16   13    0   13  523   16  122   47]
 [  13   19    3    0    1    0   13  621   26    6]
 [   3    3    3    3    0   15   85   16 1083  103]
 [   6   17   77   13    1   31  209   45  443 1531]]

checkpoint name: r2plus1d_multiclass_11_0.01 
train loss: 0.22556 || train accuracy: 0.91798 || train f1: 0.91798 || train precision: 0.91798 || train recall: 0.91798
[[3376   22    5    0   29    6   13   23    6   17]
 [  22 3574   10   27   26   39    1   31    6    7]
 [   6    5 3790   19    0   11   37    7    0  270]
 [   0   13   32 2338    0   38    8    4    0   14]
 [  35   34    1    3 1413    9    0    3    1    1]
 [  11   41   11   43    8 1476   32    1   26   23]
 [  20    4   57   11    0   22 2268   18  117  175]
 [  17   32   11    2    1    1   18 2370   26   23]
 [   4    6    0    2    2   19  106   14 4016  353]
 [  20    5  258    6    3   14  124   23  314 7445]]
val loss: 0.87092 || val accuracy: 0.77204 || val f1: 0.77204 || val precision: 0.77204 || val recall: 0.77204
[[ 821   55    7    0    5    9    7   14    3   52]
 [  24  891   16   37    3   29    6   16    1   27]
 [   1    1  929    8    0    6   16    2    2  219]
 [   0   11   48  587    0   35    7    2    0   28]
 [  33   79    1    2  279   15    0    1    2    8]
 [   1   22   20   49    0  315   14    0   31   30]
 [   2    0   35    7    0    9  347    1  118  245]
 [  14   26    7    1    1    2   12  560   23   56]
 [   3    0    1    2    0   10   21    2  894  381]
 [   8    2  120    5    0    7   27    1  121 2082]]

checkpoint name: r2plus1d_multiclass_12_0.01 
train loss: 0.18508 || train accuracy: 0.93301 || train f1: 0.93301 || train precision: 0.93301 || train recall: 0.93301
[[3388   21    5    0   38    3   11   11    7   13]
 [  21 3600    8   31   17   27    5   22    6    6]
 [   6    6 3855   19    0    3   31    1    0  224]
 [   1   22   28 2338    0   30    7    2    3   16]
 [  34   22    0    1 1432    7    0    3    1    0]
 [   7   33   12   36    4 1532   18    1   19   10]
 [  12    4   34   11    0   15 2368    7  105  136]
 [  19   18    3    3    0    0   13 2402   18   25]
 [   7    4    1    2    1   18   81   16 4095  297]
 [   8    4  196   13    0   13  114   11  272 7581]]
val loss: 0.87375 || val accuracy: 0.77295 || val f1: 0.77295 || val precision: 0.77295 || val recall: 0.77295
[[ 877   26   12    0   18    2    4   12    3   19]
 [  46  844   32   33   27   11    9   25    5   18]
 [   5    1 1028    2    1    2   15    1    4  125]
 [   2    9   79  568    0   22    8    0    0   30]
 [  31   20    1    0  362    3    0    1    0    2]
 [  10   39   35   60    7  234   24    1   30   42]
 [  13    1   80    5    0    2  417    0   73  173]
 [  15   21   11    0    2    0   17  590   17   29]
 [   5    0    8    4    1    3   49   12  836  396]
 [  13    2  222    3    0    3   58   11  103 1958]]

checkpoint name: r2plus1d_multiclass_13_0.01 
train loss: 0.16223 || train accuracy: 0.94088 || train f1: 0.94088 || train precision: 0.94088 || train recall: 0.94088
[[3395   21    3    0   31    7    6   17    5   12]
 [  30 3602    8   23   19   29    3   20    3    6]
 [   3    0 3879   18    1    5   25    4    0  210]
 [   0   15   29 2345    1   32   11    1    0   13]
 [  39   20    0    1 1423    7    0    2    4    4]
 [  11   28    8   30    5 1536   24    0   19   11]
 [  12    2   27   11    0   21 2427    6   77  109]
 [  15   31   10    1    2    1   12 2394   17   18]
 [   6    7    0    1    2   16   68   10 4192  220]
 [  11    5  182   12    0   11  108   16  194 7673]]
val loss: 1.0512 || val accuracy: 0.76253 || val f1: 0.76253 || val precision: 0.76253 || val recall: 0.76253
[[ 874   14    3    0   31    1    2   14    3   31]
 [  39  873   11   30   38   12    3   20    4   20]
 [   6    4  820   11    2    5    7    3    3  323]
 [   0   30   36  576    2   24    5    4    1   40]
 [  20   19    0    0  375    4    0    0    0    2]
 [  14   35   14   83   21  236   14    4   21   40]
 [  21    2   30   12    2    6  252   11  132  296]
 [  19   19    1    0    4    0    3  590   20   46]
 [   7    0    0    1    6    6   16    8  841  429]
 [  12    0   53    3    8    6   13    6   99 2173]]

checkpoint name: r2plus1d_multiclass_14_0.01 
train loss: 0.14138 || train accuracy: 0.94933 || train f1: 0.94933 || train precision: 0.94933 || train recall: 0.94933
[[3406   16    6    0   24    5    8   18    2   12]
 [   9 3640    4   15   19   24    1   18    6    7]
 [   4    4 3914   17    0    3   33    3    0  167]
 [   0   14   31 2360    1   23    7    2    0    9]
 [  27   19    0    1 1438   10    0    1    1    3]
 [   5   16   12   26   10 1555   16    1   17   14]
 [  13    1   25    9    0   16 2456    7   61  104]
 [  14   17    6    0    1    1   11 2423   16   12]
 [   6    3    1    0    1   14   56   15 4219  207]
 [   8    6  158   10    1    6   89    9  175 7750]]
val loss: 0.92928 || val accuracy: 0.77255 || val f1: 0.77255 || val precision: 0.77255 || val recall: 0.77255
[[ 874   34    2    0   11   12    9   17    4   10]
 [  40  870   10   39   21   35    8   21    1    5]
 [   1   11  955   27    1   24   47    9    2  107]
 [   0   11   27  620    0   40    9    2    0    9]
 [  33   23    0    0  354    7    0    1    0    2]
 [   4   18   14   49    5  350   26    3   10    3]
 [  11    4   32   11    0   14  587    5   38   62]
 [  13   20    6    1    2    2   24  611   14    9]
 [   9    7    5    4    2   25  176   17  867  202]
 [  15   25  177   13    1   42  254   33  191 1622]]

checkpoint name: r2plus1d_multiclass_15_0.01 
train loss: 0.12645 || train accuracy: 0.95434 || train f1: 0.95434 || train precision: 0.95434 || train recall: 0.95434
[[3403   22    2    1   31    6    5   12    5   10]
 [  16 3639    4   18   21   20    0   16    3    6]
 [   4    3 3951   19    1    3   19    5    0  140]
 [   0   13   27 2356    1   32    6    0    0   12]
 [  33   18    1    2 1437    4    0    0    0    5]
 [   7   11   14   27    7 1567   17    1   16    5]
 [  10    3   16   13    0   13 2482    8   70   77]
 [   8   18    1    1    2    1   13 2421   16   20]
 [   3    8    0    0    2    4   52    9 4276  168]
 [  11    4  149   10    1   12   61    9  151 7804]]
val loss: 1.00918 || val accuracy: 0.77164 || val f1: 0.77164 || val precision: 0.77164 || val recall: 0.77164
[[ 881   12    1    0   14    5    6   37    3   14]
 [  37  809   12   38   34   37    8   55   10   10]
 [  19    3  714   29    1   18   73   23    8  296]
 [   0   11   26  604    0   44   11    9    1   12]
 [  34   11    0    0  359    8    0    7    0    1]
 [  12   14    7   42    5  342   17   10   20   13]
 [  15    2   12    7    0    8  431   46  105  138]
 [   6    5    0    0    1    0    5  662   14    9]
 [   8    0    1    3    1   14   39   33  994  221]
 [  20    7   38    9    1   22  103   55  213 1905]]

checkpoint name: r2plus1d_multiclass_16_0.01 
train loss: 0.11029 || train accuracy: 0.95938 || train f1: 0.95938 || train precision: 0.95938 || train recall: 0.95938
[[3431   10    5    0   17    2   10   12    4    6]
 [  15 3639    3   23   18   23    2   12    5    3]
 [   5    1 3975   13    0    5   23    4    0  119]
 [   0   20   21 2371    0   19    4    2    2    8]
 [  20   22    0    0 1449    2    0    3    1    3]
 [   4   26    6   27    4 1567   14    0   15    9]
 [  10    1   15    7    0    8 2509    9   52   81]
 [   6   12    2    4    0    0   12 2443   10   12]
 [   5    3    0    0    1   22   47    5 4288  151]
 [  11    5  133    5    0   13   57   11  137 7840]]
val loss: 1.15325 || val accuracy: 0.7499 || val f1: 0.7499 || val precision: 0.7499 || val recall: 0.7499
[[ 853   50    1    0   19   11   15    9    7    8]
 [  20  918    7   25   14   27   17   14    3    5]
 [   6    7  742   27    0   15  206    2    6  173]
 [   1   20   23  566    1   56   39    3    0    9]
 [  28   41    0    0  343    8    0    0    0    0]
 [   5   34    6   28    8  332   43    3   13   10]
 [   6    2    6    7    0   11  602    2   77   51]
 [  16   33    2    1    1    3   40  566   29   11]
 [   5    6    2    2    1   14  137    5  994  148]
 [  21   13   75    6    2   20  338   15  315 1568]]

checkpoint name: r2plus1d_multiclass_17_0.01 
train loss: 0.10303 || train accuracy: 0.96439 || train f1: 0.96439 || train precision: 0.96439 || train recall: 0.96439
[[3425   18    1    0   17    4    8   12    3    9]
 [  19 3643    4   21   15   13    1   20    3    4]
 [   2    3 4001   13    0    1   19    2    0  104]
 [   0   12   20 2371    1   18    6    0    3   16]
 [  19   20    0    1 1450    6    0    1    3    0]
 [  13   11    3   15    4 1594   10    1   13    8]
 [   5    6   18    6    0   10 2540    9   34   64]
 [  12   18    4    1    1    2   11 2427   11   14]
 [   2    1    0    1    3   12   44    5 4336  118]
 [   9    5   99   13    1    4   54   12  115 7900]]
val loss: 0.97263 || val accuracy: 0.79018 || val f1: 0.79018 || val precision: 0.79018 || val recall: 0.79018
[[ 877   34    2    0   12    8    7    8    5   20]
 [  29  901   14   36   18   20    9   10    4    9]
 [   5    2  983   21    0    8   32    0    3  130]
 [   0   11   29  621    1   32   10    0    0   14]
 [  35   27    0    1  346    7    0    2    0    2]
 [   5   27   18   60    2  313   23    0   13   21]
 [   5    4   47   10    0   11  477    2   71  137]
 [  21   28   10    2    0    2   15  573   22   29]
 [   3    4    7    3    2   11   79    4  899  302]
 [  13    9  191    8    2   14   94    2  144 1896]]

checkpoint name: r2plus1d_multiclass_18_0.01 
train loss: 0.09889 || train accuracy: 0.96487 || train f1: 0.96487 || train precision: 0.96487 || train recall: 0.96487
[[3419   12    3    0   21    8    6   15    3   10]
 [  13 3639    7   14   15   22    3   17    5    8]
 [   2    1 4016   16    0    5   14    0    0   91]
 [   0   14   17 2383    0   17    7    3    0    6]
 [  30   17    0    1 1440    5    0    3    3    1]
 [   9   22    6   18    6 1563   19    0   17   12]
 [   4    5   22    6    0    9 2541    9   41   55]
 [  17   13    5    2    2    0   12 2431   10    9]
 [   2    2    0    2    2    5   37   10 4344  118]
 [  11    5   84    7    0   12   50    9  106 7928]]
val loss: 1.18644 || val accuracy: 0.75912 || val f1: 0.75912 || val precision: 0.75912 || val recall: 0.75912
[[ 855   13    2    0    6    2   22   49    8   16]
 [  28  780   16   38   16   22   20   92   19   19]
 [   3    1  863    8    0    3   79    6    7  214]
 [   0   11   44  554    0   30   35    5   11   28]
 [  37   21    1    0  339    9    0    8    1    4]
 [   7   10   21   47    2  270   53    9   38   25]
 [   4    0   14    4    0    1  571   15   85   70]
 [   4    3    2    1    0    0   19  635   24   14]
 [   5    0    1    1    0    0  107   18 1034  148]
 [   9    0   72    3    0    3  249   20  342 1675]]

checkpoint name: r2plus1d_multiclass_19_0.01 
train loss: 0.08872 || train accuracy: 0.96917 || train f1: 0.96917 || train precision: 0.96917 || train recall: 0.96917
[[3433   14    1    0   13    1    8   14    5    8]
 [  11 3664    5   12   14   15    3   14    1    4]
 [   1    2 4016   16    1    2   14    3    1   89]
 [   0   11   18 2390    0   13    6    1    0    8]
 [  15   13    0    1 1463    5    0    0    1    2]
 [   7   15    7   21    1 1591    4    1   19    6]
 [  11    0   15    2    0    8 2565    8   32   51]
 [  11   12    2    1    0    1    7 2442   11   14]
 [   1    4    0    1    2   14   30   10 4345  115]
 [   7    6   81    8    1    7   38   14  105 7945]]
val loss: 1.14094 || val accuracy: 0.77445 || val f1: 0.77445 || val precision: 0.77445 || val recall: 0.77445
[[ 776   39    8    0   16   20   18   66    4   26]
 [  22  862    9   36   14   18    6   61    9   13]
 [   1    6  906   25    0   14   40    7    4  181]
 [   0   23   25  609    0   28    9    3    4   17]
 [  18   45    1    1  334   10    0    9    0    2]
 [   2   36   10   53    1  306   20   11   20   23]
 [   1    1   30   13    0    9  454   13   96  147]
 [   6    9    6    0    0    2    4  639   20   16]
 [   2    0    5    3    1    7   48   19  967  262]
 [   8    5  135    8    1   13   89   28  210 1876]]

checkpoint name: r2plus1d_multiclass_20_0.01 
train loss: 0.08704 || train accuracy: 0.97 || train f1: 0.97 || train precision: 0.97 || train recall: 0.97
[[3431   11    2    0   13    8    4   16    2   10]
 [  10 3661    7   13   12   14    1   19    3    3]
 [   0    2 4028   15    0    2   16    5    0   77]
 [   0    8   19 2390    0   13    6    0    2    9]
 [  21   14    0    2 1459    1    0    0    2    1]
 [   5   16    6    8    5 1604   12    1    7    8]
 [   7    0   12    5    0    8 2562    9   45   44]
 [  17   20    1    1    1    0    7 2435    7   12]
 [   3    4    1    1    2    9   32   10 4357  103]
 [   9    3   95    8    2    9   38    5   87 7956]]
val loss: 1.17243 || val accuracy: 0.77094 || val f1: 0.77094 || val precision: 0.77094 || val recall: 0.77094
[[ 850   10    4    0   50    5   15   20    4   15]
 [  34  836   13   25   52   19   19   26   13   13]
 [   1    3  878    7    3    7  101    2    4  178]
 [   0   26   30  562    0   57   25    0    2   16]
 [  17   15    0    0  378    6    1    3    0    0]
 [   6   25   14   31    5  324   42    3   16   16]
 [   5    1   27    7    2    5  585    1   50   81]
 [  18    9    4    0    2    2   21  609   20   17]
 [   7    0    2    2    3    7  149   12  897  235]
 [  13    8  109    5    4    9  255   13  182 1775]]

checkpoint name: r2plus1d_multiclass_21_0.01 
train loss: 0.07921 || train accuracy: 0.97349 || train f1: 0.97349 || train precision: 0.97349 || train recall: 0.97349
[[3441    8    5    0   18    3    3   11    3    5]
 [   7 3672    5   15   15   13    0   11    3    2]
 [   3    2 4031    9    0    3   10    2    0   85]
 [   0   11   13 2395    1   18    2    1    0    6]
 [  22   13    0    1 1458    4    0    1    0    1]
 [   2   16    8   15    6 1597   10    0   11    7]
 [   4    3   13    4    0    6 2578    4   38   42]
 [   9   13    1    0    1    1    6 2450    7   13]
 [   5    0    0    1    0    4   34    6 4386   86]
 [   6    3   67    7    1    7   41    8   75 7997]]
val loss: 1.24245 || val accuracy: 0.76593 || val f1: 0.76593 || val precision: 0.76593 || val recall: 0.76593
[[ 828   32    2    0    3    7    9   38    6   48]
 [  24  891   13   22    5   25    8   31   11   20]
 [   1    2  815    7    0    5   51    0    8  295]
 [   0   22   34  553    0   60   16    0    2   31]
 [  37   44    1    1  309   13    0    5    5    5]
 [   3   25   10   27    1  341   15    2   29   29]
 [   2    1   18    5    0   12  404    4  154  164]
 [  13   12    5    0    0    2    8  592   36   34]
 [   1    3    1    2    0   12   33    4 1029  229]
 [   5    6   50    3    0   14   74    4  335 1882]]
