
============================== Base_model: r2plus1d_multiclass ==============================
arguments: {'base_model_name': 'r2plus1d_multiclass', 'pretrained': True, 'lr': 0.0001, 'start_epoch': 1, 'num_epochs': 25, 'layers_list': ['layer3', 'layer4', 'fc'], 'continue_epoch': False, 'num_classes': 10, 'batch_size': 8, 'n_total': 49901, 'test_n': 4990, 'val_n': 9980, 'annotation_path': 'dataset/annotation_dict.json', 'augmented_annotation_path': 'dataset/augmented_annotation_dict.json', 'model_path': 'model_checkpoints/r2plus1d_augmented-2/', 'history_path': 'histories/history_r2plus1d_augmented-2.txt'}

checkpoint name: r2plus1d_multiclass_1_0.0001 
train loss: 0.84947 || train accuracy: 0.70041 || train f1: 0.70041 || train precision: 0.70041 || train recall: 0.70041
[[2727  236   48    9  143   33   47  134   19  101]
 [ 271 2675   63  116  121  150   19  190   32  106]
 [  29   30 3134  121    4   26   91   12    4  694]
 [  13   59  239 1801    1  108   47    7   10  162]
 [ 299  232    5   13  851   25    0   34   11   30]
 [  48  113  106  164   19  839   66   16  134  167]
 [  37   17  130   62    1   51 1378   27  370  619]
 [ 157  190   35    4   15   12   43 1806   68  171]
 [  23   36   20    6    8   53  215   45 2997 1119]
 [  62   56  549   64    8   60  306   48  801 6258]]
val loss: 0.55804 || val accuracy: 0.7978 || val f1: 0.7978 || val precision: 0.7978 || val recall: 0.7978
[[ 841   20    2    1   43    3    4   38    3   18]
 [  26  862   12   42   30   26    7   28    3   14]
 [   5    1  827   14    1    4   18    0    5  309]
 [   0    3   42  635    0    9    8    1    4   16]
 [  24    8    0    1  376    5    0    5    0    1]
 [  13    9   18   46    6  332   19    2   11   26]
 [  12    2   18    2    1    8  486    2   99  134]
 [   6    3    3    1    1    0   11  624   20   33]
 [   7    3    1    1    0    4   44    4 1105  145]
 [  11    5   40    6    1    7   44    7  378 1874]]

checkpoint name: r2plus1d_multiclass_2_0.0001 
train loss: 0.48295 || train accuracy: 0.82743 || train f1: 0.82743 || train precision: 0.82743 || train recall: 0.82743
[[3188   71   21    3   72   18   30   39   13   42]
 [  82 3302   19   71   48  107   11   52   12   39]
 [  13   13 3521   61    0    8   49   11    4  465]
 [   0   40   93 2152    2   78   28    1    5   48]
 [  97   57    1    1 1317   18    0    2    1    6]
 [  28   76   55   97   17 1251   41    3   44   60]
 [  28    8   65   26    0   32 1819   23  266  425]
 [  40   57   15    3    2    3   29 2221   47   84]
 [  12   17    4    3    3   27  198   33 3401  824]
 [  31   20  394   27    2   37  283   45  642 6731]]
val loss: 0.47079 || val accuracy: 0.83257 || val f1: 0.83257 || val precision: 0.83257 || val recall: 0.83257
[[ 889   19    4    0    2    0    9   11    4   35]
 [   2  981   10   23    1   10    4    2    6   11]
 [   0    3 1019    3    0    1   22    2    2  132]
 [   0   14   52  618    0    7    8    3    3   13]
 [  20   24    1    0  368    2    0    2    0    3]
 [   6   19   26   57   11  305    9    7   11   31]
 [   5    3   14    2    0    2  495    3   79  161]
 [   4   16    3    0    0    0    8  635   11   25]
 [   2    1    3    1    0    3   48   20  935  301]
 [   3    6  116    2    0    3   38   15  126 2064]]

checkpoint name: r2plus1d_multiclass_3_0.0001 
train loss: 0.32397 || train accuracy: 0.88351 || train f1: 0.88351 || train precision: 0.88351 || train recall: 0.88351
[[3349   32    8    0   30   10   18   22    9   19]
 [  25 3539   18   29   21   55    3   27    8   18]
 [   6   10 3684   36    1   18   41    3    0  346]
 [   1   17   65 2264    1   49   17    2    1   30]
 [  34   28    0    2 1421   10    0    2    1    2]
 [  18   50   23   67    6 1429   19    4   30   26]
 [  28    8   39   17    0   10 2096   14  173  307]
 [  14   29    3    3    2    2   14 2357   26   51]
 [   6   15    3    3    2   13  167   14 3670  629]
 [  19   17  288   16    3   27  227   25  537 7053]]
val loss: 0.44865 || val accuracy: 0.84509 || val f1: 0.84509 || val precision: 0.84509 || val recall: 0.84509
[[ 920   10    0    0   15    3    9    5    9    2]
 [   8  978    7   15    5   21    8    3    1    4]
 [   3    2  979    5    0    2   39    3    5  146]
 [   0    8   27  637    0   23   20    1    1    1]
 [   6    7    0    0  403    4    0    0    0    0]
 [   3    6   18   49    3  352   22    3   18    8]
 [   1    0   14    1    0    0  571    4  107   66]
 [   3    8    3    0    1    0    3  667    9    8]
 [   0    3    1    0    0    3   44   14 1148  101]
 [   4    7   60    5    0    9  122   19  368 1779]]

checkpoint name: r2plus1d_multiclass_4_0.0001 
train loss: 0.21517 || train accuracy: 0.92411 || train f1: 0.92411 || train precision: 0.92411 || train recall: 0.92411
[[3416   15    4    0   21    3   12    4    5   17]
 [  16 3616    8   16   15   33    2   19    4   14]
 [   4    5 3856   22    1   14   20    0    2  221]
 [   0   11   28 2341    0   35   13    1    0   18]
 [  30   13    0    1 1442    9    0    0    2    3]
 [   4   31   13   39    9 1527   11    3   14   21]
 [  13    3   25   11    0   14 2308    8  119  191]
 [  14   16    2    2    0    4    7 2415   19   22]
 [   7    5    4    2    2   16   93   13 3953  427]
 [  12    9  195   13    2   15  158   17  385 7406]]
val loss: 0.49131 || val accuracy: 0.82916 || val f1: 0.82916 || val precision: 0.82916 || val recall: 0.82916
[[ 909    9    0    0   16    3   13    8    9    6]
 [   1  999    9   13    6    7    1    8    2    4]
 [   1    2  927    8    0    5   24    2    9  206]
 [   0   13   23  640    0   20    4    2    4   12]
 [   1    4    0    0  410    4    0    1    0    0]
 [   1   35   10   38    3  356    4    2   15   18]
 [   1    3   16    3    0    2  479    3  171   86]
 [   2    3    0    0    0    0    3  665   20    9]
 [   3    6    1    1    0    0   23    5 1191   84]
 [   5   11   51    2    1    4   61   15  524 1699]]

checkpoint name: r2plus1d_multiclass_5_0.0001 
train loss: 0.14118 || train accuracy: 0.95125 || train f1: 0.95125 || train precision: 0.95125 || train recall: 0.95125
[[3426   17    3    0   22    3    8    6    3    9]
 [  12 3664    2   10   13   18    0   14    5    5]
 [   3    1 3991    8    0    1   10    3    1  127]
 [   0    7   20 2373    1   21   10    1    1   13]
 [  18   15    1    0 1460    3    0    2    0    1]
 [   7   24    4   35    2 1574    6    0    6   14]
 [   9    0    5   10    0   10 2457    5   86  110]
 [  13   16    3    0    0    0    7 2432   10   20]
 [   2    3    3    3    2   10   72    7 4160  260]
 [  12    7  120   13    0    7  105   13  244 7691]]
val loss: 0.53295 || val accuracy: 0.83477 || val f1: 0.83477 || val precision: 0.83477 || val recall: 0.83477
[[ 951    0    0    0    3    5    1    2    1   10]
 [  41  885   10   19    6   43    2   28    3   13]
 [   3    1  932   22    1    7   16    1    3  198]
 [   0    2    9  638    0   45    5    0    5   14]
 [   4    2    0    0  413    0    0    0    0    1]
 [   4    1    8   24    0  411    4    1    8   21]
 [   4    1   15    6    0   13  488    2  114  121]
 [  11    2    1    0    1    2    2  653   20   10]
 [   4    1    2    1    0    5   31    3 1096  171]
 [  13    7   53    5    0    9   70    6  346 1864]]

checkpoint name: r2plus1d_multiclass_6_0.0001 
train loss: 0.10359 || train accuracy: 0.96484 || train f1: 0.96484 || train precision: 0.96484 || train recall: 0.96484
[[3439   15    3    0    7    6    7    5    5   10]
 [  11 3679    5    5   11   16    1    7    1    7]
 [   3    5 4015   10    1    4    7    3    0   97]
 [   0    8   14 2398    1   12    5    1    1    7]
 [  11   14    0    0 1469    4    0    0    1    1]
 [   7   20    5   16    3 1603    3    0    4   11]
 [  10    0    8    5    0    6 2522    6   60   75]
 [   4    7    1    0    1    1    6 2453   10   18]
 [   3    1    2    2    0    6   48    7 4276  177]
 [   4    7  104    8    1    5   59   11  164 7849]]
val loss: 0.5556 || val accuracy: 0.83788 || val f1: 0.83788 || val precision: 0.83788 || val recall: 0.83788
[[ 884   10    1    0   16   41   10    0    4    7]
 [  18  983    1    7    3   25    6    0    1    6]
 [   3    5  901    4    3   10   34    0    3  221]
 [   0   19   21  595    0   38   22    0    1   22]
 [   2    3    0    0  413    2    0    0    0    0]
 [   0    9    9   14    1  402   16    1   18   12]
 [   2    2    7    1    0    7  612    0   51   82]
 [  34    2    1    0    1    1   20  615    9   19]
 [   1    4    1    0    1    4   82    2  973  246]
 [   8    8   35    1    2   17  145    3  170 1984]]

checkpoint name: r2plus1d_multiclass_7_0.0001 
train loss: 0.08305 || train accuracy: 0.97229 || train f1: 0.97229 || train precision: 0.97229 || train recall: 0.97229
[[3455    7    4    0   14    2    3    4    0    8]
 [   9 3691    2    8    6    9    0    6    2   10]
 [   3    2 4049   14    0    3   12    0    0   62]
 [   0    6   18 2398    1    7    6    1    2    8]
 [  12    7    0    0 1474    4    0    2    0    1]
 [   5   10    6   12    1 1621    3    0    8    6]
 [   2    3    7    7    0    2 2570    4   44   53]
 [   5   10    1    1    1    0    2 2464    9    8]
 [   0    4    0    1    0    8   41    4 4323  141]
 [   6    6   77    5    1    7   53    6  133 7918]]
val loss: 0.59257 || val accuracy: 0.83838 || val f1: 0.83838 || val precision: 0.83838 || val recall: 0.83838
[[ 881    6    4    0    5    2    9   51    8    7]
 [   3  972   12   14    2   13   11   18    3    2]
 [   2    3 1023    1    1    1   40    3    3  107]
 [   0   10   37  604    0   19   29    1    3   15]
 [   0    5    0    0  412    1    0    2    0    0]
 [   4   21   15   32    6  347   22    3   12   20]
 [   3    1   22    1    0    1  538    6   92  100]
 [   1    3    1    0    0    1    2  682    6    6]
 [   1    4    2    1    0    5   31   17 1032  221]
 [   0    8  169    3    1    7   55   23  231 1876]]

checkpoint name: r2plus1d_multiclass_8_0.0001 
train loss: 0.07346 || train accuracy: 0.97601 || train f1: 0.97601 || train precision: 0.97601 || train recall: 0.97601
[[3453    8    2    0   13    3    6    7    2    3]
 [   9 3695    2    4    5   13    1    6    4    4]
 [   4    1 4064    5    0    2    2    1    1   65]
 [   0    3    6 2413    0   13    7    0    0    5]
 [  18   10    1    0 1467    2    0    0    1    1]
 [   4   12    3   14    3 1618    4    1    7    6]
 [   6    1    4    7    0    4 2592    4   37   37]
 [   6    7    1    0    0    3    5 2466    3   10]
 [   1    1    1    0    1    6   32    5 4361  114]
 [   3    3   72    2    0    8   37    7  116 7964]]
val loss: 0.53952 || val accuracy: 0.8521 || val f1: 0.8521 || val precision: 0.8521 || val recall: 0.8521
[[ 885   21    4    0    7   11   20    5    2   18]
 [   4  987   10   21    1   12    2    1    2   10]
 [   0    0 1010   14    1    8   41    0    3  107]
 [   0   13   17  647    0   22   12    1    1    5]
 [   2   11    0    0  400    5    0    2    0    0]
 [   2   10   14   21    0  407    5    2    7   14]
 [   1    3    9    5    0    8  581    0   67   90]
 [   2   10    5    0    0    0    2  657    8   18]
 [   3    2    2    1    0    6   59    5 1014  222]
 [   0    3  112    5    0   16  127    2  192 1916]]

checkpoint name: r2plus1d_multiclass_9_0.0001 
train loss: 0.0627 || train accuracy: 0.97922 || train f1: 0.97922 || train precision: 0.97922 || train recall: 0.97922
[[3469    4    1    0    9    3    2    5    3    1]
 [   4 3691    2   13   10   11    1    6    1    4]
 [   1    1 4063    9    1    3   12    2    1   52]
 [   0    7    9 2411    0   10    4    0    0    6]
 [  17   11    0    0 1467    4    0    0    1    0]
 [   3    7    5   13    2 1633    2    0    5    2]
 [   3    0    8    4    0    2 2608    4   22   41]
 [   2    6    1    0    0    0    3 2469    9   11]
 [   2    2    0    1    0    4   23    3 4376  111]
 [   2    3   53    4    1    2   33    8   88 8018]]
val loss: 0.63186 || val accuracy: 0.83657 || val f1: 0.83657 || val precision: 0.83657 || val recall: 0.83657
[[ 915    7    4    0    6    4   15   16    3    3]
 [   4  971    5    8    5   24    2   23    4    4]
 [   0    4 1026   13    0    7   39    6    3   86]
 [   0   13   12  625    0   46   11    1    4    6]
 [   4    5    0    0  409    1    0    1    0    0]
 [   1    9   12   19    0  404   12    2   13   10]
 [   2    5   16    5    0    4  627    3   52   50]
 [   2    2    4    0    0    0    6  672    8    8]
 [   2    3    3    3    0    6   99    7 1049  142]
 [   1   10  147    8    0   24  185   18  329 1651]]

checkpoint name: r2plus1d_multiclass_10_0.0001 
train loss: 0.05597 || train accuracy: 0.98151 || train f1: 0.98151 || train precision: 0.98151 || train recall: 0.98151
[[3459   12    2    0    9    1    7    3    3    1]
 [   9 3694    2    2    6   14    0   10    3    3]
 [   3    1 4077   13    0    5    4    1    0   41]
 [   0    6   13 2411    0    8    5    0    1    3]
 [   7    8    0    0 1483    1    0    0    0    1]
 [   2   12    3   13    2 1620    8    2    7    3]
 [   5    1    6    4    0    4 2613    1   27   31]
 [   7    4    1    0    1    0    2 2474    4    8]
 [   2    2    0    1    0    4   28    3 4413   69]
 [   4    2   54    3    0    2   25    5   76 8041]]
val loss: 0.62353 || val accuracy: 0.8514 || val f1: 0.8514 || val precision: 0.8514 || val recall: 0.8514
[[ 948    4    0    0    6    2    1    7    0    5]
 [  17  976    8   10    9   21    0    3    2    4]
 [   8    4 1074    7    1    7   12    0    4   67]
 [   0   14   34  625    0   29    3    0    1   12]
 [   2    3    0    0  414    1    0    0    0    0]
 [   3    5   16   22    5  404    3    3    4   17]
 [  11    3   31    4    0    4  515    1   57  138]
 [   3    6    3    0    1    1    3  653    9   23]
 [   4    2    4    1    0    4   41    2  932  324]
 [   5    9  202    4    1   15   45   11  125 1956]]

checkpoint name: r2plus1d_multiclass_11_0.0001 
train loss: 0.05077 || train accuracy: 0.9838 || train f1: 0.9838 || train precision: 0.9838 || train recall: 0.9838
[[3464    5    2    0   10    4    2    4    3    3]
 [   8 3706    1    5    6    6    0    5    2    4]
 [   0    2 4077    4    0    3    4    2    1   52]
 [   1    5    8 2416    0    9    3    0    0    5]
 [  15    6    0    0 1475    3    0    1    0    0]
 [   0    5    5   15    3 1626    6    1    3    8]
 [   3    1    5    4    0    3 2626    1   22   27]
 [   4    7    4    0    0    0    1 2476    4    5]
 [   3    0    0    0    0    3   23    7 4433   53]
 [   1    5   48    2    1    5   25    4   55 8066]]
val loss: 0.63319 || val accuracy: 0.85381 || val f1: 0.85381 || val precision: 0.85381 || val recall: 0.85381
[[ 938   12    1    0    4    4    2    1    1   10]
 [   6  994    6   19    1   11    2    1    1    9]
 [   5    3  979    9    1    4   22    0    1  160]
 [   1    9   17  660    0   16    6    0    1    8]
 [   2    5    0    0  411    1    0    1    0    0]
 [   3   14    8   47    3  372    3    1    8   23]
 [  12    4    8    5    0    9  521    2   59  144]
 [  15   14    2    0    0    5    9  622    9   26]
 [   4    3    2    2    0    5   44    3  915  336]
 [   4    8   76    8    1    7   60    6   94 2109]]

checkpoint name: r2plus1d_multiclass_12_0.0001 
train loss: 0.04716 || train accuracy: 0.98468 || train f1: 0.98468 || train precision: 0.98468 || train recall: 0.98468
[[3472    7    1    0    9    3    0    2    0    3]
 [   7 3709    2    5    3    4    3    5    2    3]
 [   1    3 4079    5    0    3    3    0    1   50]
 [   1    3    5 2425    0    6    3    0    1    3]
 [  10    5    0    0 1481    1    0    2    0    1]
 [   5    4    0    4    1 1649    1    1    3    4]
 [   1    1    2    6    0    3 2628    1   22   28]
 [   0    3    0    0    0    0    1 2482    5   10]
 [   0    0    1    0    0    3   27    1 4411   79]
 [   2    4   45    3    1    4   26    6   61 8060]]
val loss: 0.63776 || val accuracy: 0.84078 || val f1: 0.84078 || val precision: 0.84078 || val recall: 0.84078
[[ 958    2    0    0    2    4    1    2    0    4]
 [  23  950   10   18    6   18    2   13    0   10]
 [   5    2 1084   11    1    3   13    0    2   63]
 [   1    5   29  653    0   15    6    1    0    8]
 [   5    0    0    0  413    0    0    1    0    1]
 [   6    3   27   47    3  372    5    4    5   10]
 [  14    2   33    6    0    3  543    5   36  122]
 [   3    3    3    0    0    0    0  680    3   10]
 [   8    1    2    2    0    5   74   12  802  408]
 [   9    3  234   10    0   11   89   12   69 1936]]

checkpoint name: r2plus1d_multiclass_13_0.0001 
train loss: 0.04329 || train accuracy: 0.98526 || train f1: 0.98526 || train precision: 0.98526 || train recall: 0.98526
[[3466    8    1    0    4    5    3    3    3    4]
 [  10 3708    1    6    1    7    1    5    1    3]
 [   2    1 4091    6    0    1    2    0    0   42]
 [   0    5   10 2414    0    9    4    0    1    4]
 [   6    4    0    0 1488    1    0    0    0    1]
 [   1    6    5   12    1 1636    4    0    3    4]
 [   7    1    5    3    0    2 2620    3   21   30]
 [   7    4    0    0    0    1    3 2481    1    4]
 [   1    1    0    3    1    1   19    0 4436   60]
 [   4    3   34    3    0    5   28    1   58 8076]]
val loss: 0.69652 || val accuracy: 0.83106 || val f1: 0.83106 || val precision: 0.83106 || val recall: 0.83106
[[ 818   26    1    0    1    4    8   91   12   12]
 [   1  965    3   15    0   26    2   29    3    6]
 [   7    3  934    4    1   17   36   17    9  156]
 [   0    4   22  613    0   47    8    7    3   14]
 [   5   13    0    0  394    2    0    6    0    0]
 [   2    5    6   15    6  417    6    7    7   11]
 [   5    2    8    4    0    8  519   18   97  103]
 [   1    6    1    0    0    0    2  683    4    5]
 [   3    1    3    1    0    4   27    9 1093  173]
 [   5    8   56    3    0   12   66   40  325 1858]]

checkpoint name: r2plus1d_multiclass_14_0.0001 
train loss: 0.04328 || train accuracy: 0.98612 || train f1: 0.98612 || train precision: 0.98612 || train recall: 0.98612
[[3473    6    1    0    5    2    3    2    2    3]
 [   5 3713    1    5    3    9    0    5    0    2]
 [   0    1 4090    6    0    1    3    0    0   44]
 [   0    2   13 2417    0    4    6    0    2    3]
 [   3    4    0    0 1487    5    0    1    0    0]
 [   2    8    2    5    4 1641    2    1    5    2]
 [   2    0    2    9    0    5 2630    5   16   23]
 [   1    6    2    0    0    0    4 2473    7    8]
 [   2    1    0    0    0    4   15    4 4436   60]
 [   1    1   38    2    0    6   14    3   61 8086]]
val loss: 0.66329 || val accuracy: 0.85301 || val f1: 0.85301 || val precision: 0.85301 || val recall: 0.85301
[[ 947    1    1    0    4    2    0   13    1    4]
 [   6  980    8   13    7    9    1   16    3    7]
 [   5    1  965    4    1    8   12    7    4  177]
 [   1   11   34  615    0   26   11    1    2   17]
 [   2    1    0    0  416    0    0    1    0    0]
 [   3    8   19   21   10  370   12   10   10   19]
 [   8    1   17    2    0    0  559    4   57  116]
 [   1    2    1    0    1    0    2  681    6    8]
 [   1    1    1    3    0    4   56   10  969  269]
 [   7    5   76    6    0    6   71   34  157 2011]]

checkpoint name: r2plus1d_multiclass_15_0.0001 
train loss: 0.03501 || train accuracy: 0.98855 || train f1: 0.98855 || train precision: 0.98855 || train recall: 0.98855
[[3473    2    2    0    6    1    1    6    3    3]
 [   2 3718    1    4    5    6    0    4    1    2]
 [   0    2 4108    6    0    1    3    2    0   23]
 [   0    3    8 2424    0    9    0    1    0    2]
 [   8    6    0    0 1483    1    0    0    1    1]
 [   1    6    2    7    1 1638    3    1    8    5]
 [   3    0    1    5    0    3 2647    1   16   16]
 [   5    5    1    1    0    1    2 2475    4    7]
 [   0    1    1    0    0    4   11    4 4456   45]
 [   1    4   20    2    0    4   18    5   49 8109]]
val loss: 0.65233 || val accuracy: 0.85421 || val f1: 0.85421 || val precision: 0.85421 || val recall: 0.85421
[[ 944    1    0    0    2    1    5    5    2   13]
 [  13 1000    2   10    1   14    1    1    2    6]
 [   4    1  957   13    1    7   26    0    4  171]
 [   1    3   10  655    0   21    9    1    2   16]
 [   7    8    0    0  397    7    0    1    0    0]
 [   4   11    6   27    1  393    2    2   12   24]
 [   7    1    7    6    0    2  523    1   84  133]
 [  12    8    2    0    2    1    0  633   17   27]
 [   4    3    2    1    1    2   37    3 1051  210]
 [   5    6   63    6    0   11   65    7  238 1972]]

checkpoint name: r2plus1d_multiclass_16_0.0001 
train loss: 0.03695 || train accuracy: 0.98798 || train f1: 0.98798 || train precision: 0.98798 || train recall: 0.98798
[[3473    4    1    0    5    1    4    6    1    2]
 [   5 3708    2    3    4    9    0    6    0    6]
 [   1    1 4102    5    0    4    5    0    0   27]
 [   0    5    6 2426    0    4    4    0    1    1]
 [   5    7    0    1 1484    1    0    0    1    1]
 [   1    6    6    9    3 1636    3    1    3    4]
 [   4    0    3    5    0    2 2638    3   17   20]
 [   7    2    1    0    1    2    4 2483    0    1]
 [   1    1    0    2    0    2   14    1 4453   48]
 [   0    8   21    1    0    4   17    1   52 8108]]
val loss: 0.62742 || val accuracy: 0.85281 || val f1: 0.85281 || val precision: 0.85281 || val recall: 0.85281
[[ 937   16    1    0   10    5    0    3    0    1]
 [   1 1005    3   10    1   18    3    6    1    2]
 [   8    3 1082   14    0   11   10    1    1   54]
 [   0    5   13  654    0   31    5    0    1    9]
 [   0    6    0    0  407    5    0    2    0    0]
 [   1    9   12   35    0  409    2    1    6    7]
 [  13    6   27    8    0    6  549    3   66   86]
 [   1    5    5    0    1    2    0  674    6    8]
 [   5    3   14    0    0    8   49    4  964  267]
 [  14   15  233   11    0   22   83   14  151 1830]]

checkpoint name: r2plus1d_multiclass_17_0.0001 
train loss: 0.03303 || train accuracy: 0.98901 || train f1: 0.98901 || train precision: 0.98901 || train recall: 0.98901
[[3480    3    1    0    2    4    0    4    2    1]
 [   4 3717    2    2    5    2    0    8    1    2]
 [   1    0 4111    7    0    0    2    1    0   23]
 [   0    3   11 2415    0    9    3    1    0    5]
 [   5    4    0    0 1490    1    0    0    0    0]
 [   3    4    1    8    2 1643    2    0    3    6]
 [   2    0    2    4    0    0 2648    1   21   14]
 [   4    7    1    0    1    0    0 2482    3    3]
 [   0    0    1    1    0    4   20    3 4458   35]
 [   3    3   32    3    1    4   17    4   42 8103]]
val loss: 0.64273 || val accuracy: 0.84599 || val f1: 0.84599 || val precision: 0.84599 || val recall: 0.84599
[[ 899   22    0    0    6   11    4   20    6    5]
 [   0  996    0   11    4   23    2    8    2    4]
 [   4    4  956   35    0   17   28    8    5  127]
 [   0    4    4  653    0   43    5    2    1    6]
 [   5   22    0    0  384    5    0    3    0    1]
 [   0    8    7   22    2  417    4    2    8   12]
 [   4    6   12   11    0   12  507    9   88  115]
 [   0    9    0    0    0    2    2  676    7    6]
 [   3    1    1    1    0    7   31   12  996  262]
 [   3   12   86   19    1   17   76   33  167 1959]]

checkpoint name: r2plus1d_multiclass_18_0.0001 
train loss: 0.03174 || train accuracy: 0.98918 || train f1: 0.98918 || train precision: 0.98918 || train recall: 0.98918
[[3471    6    1    0    8    5    1    3    0    2]
 [   5 3709    1    4    5    6    3    3    5    2]
 [   2    0 4110    9    0    1    2    0    0   21]
 [   0    4    7 2422    0    7    2    1    0    4]
 [   6    3    0    0 1488    1    0    2    0    0]
 [   3    4    1    7    1 1645    3    0    4    4]
 [   2    1    0    2    0    2 2658    0   11   16]
 [   3    8    0    0    0    0    2 2481    2    5]
 [   0    1    0    0    1    3   13    2 4450   52]
 [   5    3   20    2    1    6    5    6   45 8119]]
val loss: 0.66028 || val accuracy: 0.84399 || val f1: 0.84399 || val precision: 0.84399 || val recall: 0.84399
[[ 950    1    0    0   11    0    1    4    2    4]
 [  17  950   10   17   13    6    0   28    3    6]
 [   6    3 1036    5    1    0   13    1    6  113]
 [   0    8   38  614    0   19    7    3    6   23]
 [   1    3    0    0  415    0    0    0    0    1]
 [   8   25   18   36   13  314   11    5   27   25]
 [   6    3   22    4    0    1  483    1  133  111]
 [   5    1    3    0    1    0    2  666   15    9]
 [   7    1    2    0    0    0   18    2 1121  163]
 [  11    5  113    5    1    5   54    7  298 1874]]

checkpoint name: r2plus1d_multiclass_19_0.0001
train loss: 0.02841 || train accuracy: 0.99015 || train f1: 0.99015 || train precision: 0.99015 || train recall: 0.99015
[[3477    5    0    0    2    1    1    6    4    1]
 [   6 3719    0    2    2    5    0    4    0    5]
 [   1    1 4111    6    0    2    2    1    0   21]
 [   0    0    9 2425    1    6    3    0    0    3]
 [   3    4    0    0 1488    3    0    1    1    0]
 [   2    2    3    5    2 1652    0    1    3    2]
 [   1    0    4    2    0    0 2650    1   23   11]
 [   5    2    1    1    0    0    2 2483    3    4]
 [   0    1    0    0    0    4   13    3 4460   41]
 [   1    2   21    6    0    2   11    4   43 8122]]
val loss: 0.65343 || val accuracy: 0.85411 || val f1: 0.85411 || val precision: 0.85411 || val recall: 0.85411
[[ 956    3    0    0    3    2    2    2    1    4]
 [   8  980    4   34    5   13    0    1    0    5]
 [   7    0  959   18    1    7   20    3    4  165]
 [   1    6    6  674    0   16    5    0    1    9]
 [   4    1    0    0  414    0    0    1    0    0]
 [   2   14   12   47   11  364    6    3    5   18]
 [  25    2   12    5    0    4  515    4   68  129]
 [  11    9    0    0    1    0    3  648   12   18]
 [   6    4    1    1    0    6   39   16  963  278]
 [  18    4   59   11    2   12   68   20  128 2051]]

checkpoint name: r2plus1d_multiclass_20_0.0001 
train loss: 0.02642 || train accuracy: 0.99124 || train f1: 0.99124 || train precision: 0.99124 || train recall: 0.99124
[[3477    1    3    0    6    2    2    2    0    4]
 [   4 3724    1    4    1    4    1    1    0    3]
 [   2    0 4122    2    0    1    2    0    0   16]
 [   0    2    3 2435    0    3    3    0    0    1]
 [  11    3    0    0 1481    1    0    0    2    2]
 [   1    4    3    5    1 1649    2    0    2    5]
 [   2    1    1    2    0    1 2649    2   15   19]
 [   6    0    1    0    1    0    2 2481    2    8]
 [   2    0    0    0    1    3   13    1 4473   29]
 [   0    2   14    4    1    5   17    6   29 8134]]
val loss: 0.65655 || val accuracy: 0.8492 || val f1: 0.8492 || val precision: 0.8492 || val recall: 0.8492
[[ 948    5    1    0    7    3    1    4    1    3]
 [   9  966    8   12    9   18    8    8    4    8]
 [   3    0 1050    6    1    4   30    0    4   86]
 [   0    4   32  605    0   46   11    2    1   17]
 [   6    4    0    0  407    1    0    1    1    0]
 [   2    4   17   21    3  392   16    2   17    8]
 [   8    1   16    5    0    6  606    2   48   72]
 [   8    5    3    0    0    0    3  667   11    5]
 [   4    1    2    0    0    3   96    7 1023  178]
 [  12    1  152    5    1   15  141   17  218 1811]]

checkpoint name: r2plus1d_multiclass_21_0.0001 
train loss: 0.0285 || train accuracy: 0.99041 || train f1: 0.99041 || train precision: 0.99041 || train recall: 0.99041
[[3474    3    1    0    8    1    2    5    1    2]
 [   3 3714    1    6    7    3    1    3    2    3]
 [   2    3 4107    5    0    0    2    2    0   24]
 [   0    6    8 2426    0    5    1    0    0    1]
 [   7    7    0    0 1484    1    0    1    0    0]
 [   2    6    1    6    1 1651    1    0    4    0]
 [   1    0    2    1    0    2 2658    2    6   20]
 [   3    3    0    0    0    0    2 2488    0    5]
 [   2    1    1    0    0    3    9    1 4467   38]
 [   0    3   20    3    0    1   10    4   44 8127]]
val loss: 0.70183 || val accuracy: 0.8509 || val f1: 0.8509 || val precision: 0.8509 || val recall: 0.8509
[[ 962    1    0    0    2    0    2    1    0    5]
 [  14  991    8    7    7    2    3    9    3    6]
 [   5    3 1024    0    0    2   25    3    6  116]
 [   1   12   34  615    0   24   13    2    2   15]
 [   5    0    0    0  410    4    0    1    0    0]
 [   4   19   17   26    6  350   12    9   14   25]
 [   4    2   28    2    0    0  519    3   96  110]
 [   6    3    3    0    0    0    3  667   11    9]
 [   4    2    4    0    1    2   29    6 1044  222]
 [  11    5  128    4    1    6   82    9  217 1910]]

checkpoint name: r2plus1d_multiclass_22_0.0001 
train loss: 0.02567 || train accuracy: 0.99193 || train f1: 0.99193 || train precision: 0.99193 || train recall: 0.99193
[[3483    3    0    0    2    1    0    3    2    3]
 [   1 3721    2    3    3    4    0    3    2    4]
 [   2    1 4119    2    0    0    2    0    1   18]
 [   0    4    6 2428    0    2    1    0    0    6]
 [   2    1    0    0 1494    2    0    1    0    0]
 [   1    5    1    2    3 1651    1    1    6    1]
 [   1    0    2    2    0    0 2658    2   13   14]
 [   3    3    1    0    0    0    2 2488    3    1]
 [   0    2    1    0    0    4   12    0 4468   35]
 [   1    2   16    2    0    0   14    2   36 8139]]
val loss: 0.79457 || val accuracy: 0.84499 || val f1: 0.84499 || val precision: 0.84499 || val recall: 0.84499
[[ 918   18    0    0    5   22    2    3    0    5]
 [   4  985    1   20    0   33    1    1    0    5]
 [   4    6  858   33    0   19   10    0    4  250]
 [   1    4    8  668    0   27    3    0    0    7]
 [   3   15    0    0  383   19    0    0    0    0]
 [   1    4    4   31    0  428    1    1    4    8]
 [  11    5    6   18    0   17  516    6   57  128]
 [   3   15    1    2    0    0    1  658    4   18]
 [   4    4    1    2    0   13   57    8  977  248]
 [   7   13   33    9    0   28   56   10  175 2042]]
